run_id,parameter_set_equivalence_family_id,parameter_set_equivalence_family_sha256,parameter_set_equivalence_family_size,parameter_set_id,parameter_identity_sha256,parameter_schema_version,parameter_grid_sha256,parameter_grid_ordinal,profile,rank,search_rank,requested_search_member,search_space_member,reference_roles_json,historic_reference_json,completion_index,completion_elapsed_seconds,search_fraction,global_ordinal,label,layout_type,status,iou,left_error_px,top_error_px,right_error_px,bottom_error_px,edge_error_mean_px,edge_error_maximum_px,elapsed_ms,approved_bbox_json,predicted_bbox_json,parameters_json,error_type,error_message,result_json,page_json
run-20260902-211535,595002645fcc,595002645fcc3a26c22a705af27d356659ed3e8bd727ddcbb5322793aa2deb00,1,595002645fcc,c33f132009cd80271da55c26a096d05dcee4d8794353e5e514c637c35f419b32,1,85fa16f9a9085f2d9f1abcf26ea66ce563a0fe1e6fa70cbb849de75d9be25105,881,,1,,1,1,"[""historic_best""]","{""detector"": ""doc_ufcn_page_mask"", ""golden_set_sha256"": ""135c0ff576876ef8911296e2502193ed20d159799079a4f8a58994854fcbba8e"", ""historic_build_number"": ""799"", ""historic_build_url"": ""https://github.com/dlstupka/hth/actions/runs/32911799256"", ""historic_calibration_id"": ""run-20260825-234203"", ""historic_created_at_utc"": ""2026-08-25T23:41:53.758019+00:00"", ""model_variant"": null, ""parameter_identity_sha256"": ""c33f132009cd80271da55c26a096d05dcee4d8794353e5e514c637c35f419b32"", ""parameter_set_id"": ""595002645fcc"", ""parameters"": {""minimum_component_area_fraction"": 0.0005, ""minimum_confidence"": 0.5, ""minimum_page_area_fraction"": 0.2, ""page_padding_fraction"": 0.01}, ""provenance_source"": ""parameter-provenance""}",2,0.4710254740000437,0.2,1,ordinary_two_page_spread,two_page_spread,ok,0.97695597,15,2,6,3,6.5,15,62.072,"[125, 56, 1289, 967]","[110, 54, 1295, 964]","{""minimum_component_area_fraction"":0.0005,""minimum_confidence"":0.5,""minimum_page_area_fraction"":0.2,""page_padding_fraction"":0.01}",,,"{""historic_reference"":{""detector"":""doc_ufcn_page_mask"",""golden_set_sha256"":""135c0ff576876ef8911296e2502193ed20d159799079a4f8a58994854fcbba8e"",""historic_build_number"":""799"",""historic_build_url"":""https://github.com/dlstupka/hth/actions/runs/32911799256"",""historic_calibration_id"":""run-20260825-234203"",""historic_created_at_utc"":""2026-08-25T23:41:53.758019+00:00"",""model_variant"":null,""parameter_identity_sha256"":""c33f132009cd80271da55c26a096d05dcee4d8794353e5e514c637c35f419b32"",""parameter_set_id"":""595002645fcc"",""parameters"":{""minimum_component_area_fraction"":0.0005,""minimum_confidence"":0.5,""minimum_page_area_fraction"":0.2,""page_padding_fraction"":0.01},""provenance_source"":""parameter-provenance""},""legacy_parameter_set_id"":""595002645fcc"",""parameter_grid_ordinal"":881,""parameter_grid_sha256"":""85fa16f9a9085f2d9f1abcf26ea66ce563a0fe1e6fa70cbb849de75d9be25105"",""parameter_identity_schema_version"":""1"",""parameter_identity_sha256"":""c33f132009cd80271da55c26a096d05dcee4d8794353e5e514c637c35f419b32"",""parameter_schema_version"":""1"",""parameter_set_equivalence_family_id"":""595002645fcc"",""parameter_set_equivalence_family_sha256"":""595002645fcc3a26c22a705af27d356659ed3e8bd727ddcbb5322793aa2deb00"",""parameter_set_equivalence_family_size"":1,""parameter_set_id"":""595002645fcc"",""parameters"":{""minimum_component_area_fraction"":0.0005,""minimum_confidence"":0.5,""minimum_page_area_fraction"":0.2,""page_padding_fraction"":0.01},""profile"":null,""rank"":1,""reference_roles"":[""historic_best""],""requested_search_member"":true,""run_id"":""run-20260902-211535"",""search_observation"":{""completion_index"":2,""elapsed_seconds"":0.4710254740000437,""parameter_set_number"":2,""search_fraction"":0.2},""search_space_member"":true,""summary"":{""elapsed_ms_total"":338.102,""failure_count"":0,""mean_edge_error_px"":6.85,""mean_iou"":0.97471612,""mean_iou_success"":0.97471612,""minimum_iou"":0.95446137,""page_count"":5,""stddev_iou"":0.011898,""success_count"":5,""wall_ms"":338.809}}","{""approved_bbox"":[125,56,1289,967],""candidate"":{""authors"":null,""bbox"":[110,54,1295,964],""confidence"":0.9924999999999999,""corners"":[[1294.6097412109375,963.9198608398438],[110.3900146484375,963.9198608398438],[110.3900146484375,54.08001708984375],[1294.6097412109375,54.08001708984375]],""detector_name"":"""",""diagnostics"":{""doc_ufcn_version"":""0.2.0rc4"",""evidence"":""doc_ufcn_generic_page_polygon"",""inference_backend"":""doc-ufcn-pytorch"",""input_size"":768,""model_family"":""Doc-UFCN"",""model_id"":""doc-ufcn-generic-page"",""model_sha256"":""ab9036a138c9792d433edd02ac3c744745c0b06f01fc50e973c2b92d9e0dfd83"",""model_source"":""https://huggingface.co/Teklia/doc-ufcn-generic-page/resolve/main/model.pth?download=true"",""padding_arbitration"":{""baseline_boundary_support"":{""background_score"":37.202152252197266,""contrast_ratio"":0.367002262845942,""edge_scores"":[13.7315,54.4253,2.4943,13.575],""robust_score"":13.653274059295654},""baseline_padding_fraction"":0.05,""decision"":""requested-padding"",""requested_boundary_support"":{""background_score"":37.202152252197266,""contrast_ratio"":1.6028447484450112,""edge_scores"":[109.1043,89.4748,29.7838,1.1538],""robust_score"":59.62927436828613},""requested_padding_fraction"":0.01},""page_envelope"":{""decision"":""multi-component-spread-envelope"",""joined_component_count"":2,""joined_components"":[{""area_fraction_of_primary"":0.9887496048885811,""height_ratio"":1.0,""horizontal_center_separation_fraction"":0.4240231548480463,""span_gain"":2.0138648180242633,""vertical_overlap"":1.0}],""qualifying_component_count"":2,""selected_component_area"":1026928.5,""selected_confidence"":0.99},""parameters"":{""minimum_component_area_fraction"":0.0005,""minimum_confidence"":0.5,""minimum_page_area_fraction"":0.2,""page_padding_fraction"":0.01},""raw_polygon_count"":2,""selected_area_fraction"":0.7536249167065399,""selected_confidence"":0.99,""upstream_license"":""BSD-3-Clause"",""upstream_repository"":""https://github.com/johnlockejrr/doc-ufcn""},""foundation"":null,""method"":""doc_ufcn_page_mask"",""origin"":"""",""repository"":"""",""score"":0.9924999999999999,""status"":""ok"",""version"":""""},""edge_error_maximum_px"":15,""edge_error_mean_px"":6.5,""edge_errors"":{""bottom"":3,""left"":15,""maximum"":15,""mean"":6.5,""right"":6,""top"":2},""elapsed_ms"":62.072,""global_ordinal"":1,""iou"":0.97695597,""label"":""ordinary_two_page_spread"",""layout_type"":""two_page_spread"",""predicted_bbox"":[110,54,1295,964],""status"":""ok""}"
run-20260902-211535,595002645fcc,595002645fcc3a26c22a705af27d356659ed3e8bd727ddcbb5322793aa2deb00,1,595002645fcc,c33f132009cd80271da55c26a096d05dcee4d8794353e5e514c637c35f419b32,1,85fa16f9a9085f2d9f1abcf26ea66ce563a0fe1e6fa70cbb849de75d9be25105,881,,1,,1,1,"[""historic_best""]","{""detector"": ""doc_ufcn_page_mask"", ""golden_set_sha256"": ""135c0ff576876ef8911296e2502193ed20d159799079a4f8a58994854fcbba8e"", ""historic_build_number"": ""799"", ""historic_build_url"": ""https://github.com/dlstupka/hth/actions/runs/32911799256"", ""historic_calibration_id"": ""run-20260825-234203"", ""historic_created_at_utc"": ""2026-08-25T23:41:53.758019+00:00"", ""model_variant"": null, ""parameter_identity_sha256"": ""c33f132009cd80271da55c26a096d05dcee4d8794353e5e514c637c35f419b32"", ""parameter_set_id"": ""595002645fcc"", ""parameters"": {""minimum_component_area_fraction"": 0.0005, ""minimum_confidence"": 0.5, ""minimum_page_area_fraction"": 0.2, ""page_padding_fraction"": 0.01}, ""provenance_source"": ""parameter-provenance""}",2,0.4710254740000437,0.2,5,damaged_partial_register_spread,two_page_spread,ok,0.95446137,40,2,5,5,13.0,40,109.625,"[67, 8, 1233, 977]","[107, 10, 1228, 972]","{""minimum_component_area_fraction"":0.0005,""minimum_confidence"":0.5,""minimum_page_area_fraction"":0.2,""page_padding_fraction"":0.01}",,,"{""historic_reference"":{""detector"":""doc_ufcn_page_mask"",""golden_set_sha256"":""135c0ff576876ef8911296e2502193ed20d159799079a4f8a58994854fcbba8e"",""historic_build_number"":""799"",""historic_build_url"":""https://github.com/dlstupka/hth/actions/runs/32911799256"",""historic_calibration_id"":""run-20260825-234203"",""historic_created_at_utc"":""2026-08-25T23:41:53.758019+00:00"",""model_variant"":null,""parameter_identity_sha256"":""c33f132009cd80271da55c26a096d05dcee4d8794353e5e514c637c35f419b32"",""parameter_set_id"":""595002645fcc"",""parameters"":{""minimum_component_area_fraction"":0.0005,""minimum_confidence"":0.5,""minimum_page_area_fraction"":0.2,""page_padding_fraction"":0.01},""provenance_source"":""parameter-provenance""},""legacy_parameter_set_id"":""595002645fcc"",""parameter_grid_ordinal"":881,""parameter_grid_sha256"":""85fa16f9a9085f2d9f1abcf26ea66ce563a0fe1e6fa70cbb849de75d9be25105"",""parameter_identity_schema_version"":""1"",""parameter_identity_sha256"":""c33f132009cd80271da55c26a096d05dcee4d8794353e5e514c637c35f419b32"",""parameter_schema_version"":""1"",""parameter_set_equivalence_family_id"":""595002645fcc"",""parameter_set_equivalence_family_sha256"":""595002645fcc3a26c22a705af27d356659ed3e8bd727ddcbb5322793aa2deb00"",""parameter_set_equivalence_family_size"":1,""parameter_set_id"":""595002645fcc"",""parameters"":{""minimum_component_area_fraction"":0.0005,""minimum_confidence"":0.5,""minimum_page_area_fraction"":0.2,""page_padding_fraction"":0.01},""profile"":null,""rank"":1,""reference_roles"":[""historic_best""],""requested_search_member"":true,""run_id"":""run-20260902-211535"",""search_observation"":{""completion_index"":2,""elapsed_seconds"":0.4710254740000437,""parameter_set_number"":2,""search_fraction"":0.2},""search_space_member"":true,""summary"":{""elapsed_ms_total"":338.102,""failure_count"":0,""mean_edge_error_px"":6.85,""mean_iou"":0.97471612,""mean_iou_success"":0.97471612,""minimum_iou"":0.95446137,""page_count"":5,""stddev_iou"":0.011898,""success_count"":5,""wall_ms"":338.809}}","{""approved_bbox"":[67,8,1233,977],""candidate"":{""authors"":null,""bbox"":[107,10,1228,972],""confidence"":0.9924999999999999,""corners"":[[1227.989990234375,971.4199829101562],[107.010009765625,971.4199829101562],[107.010009765625,10.58001708984375],[1227.989990234375,10.58001708984375]],""detector_name"":"""",""diagnostics"":{""doc_ufcn_version"":""0.2.0rc4"",""evidence"":""doc_ufcn_generic_page_polygon"",""inference_backend"":""doc-ufcn-pytorch"",""input_size"":768,""model_family"":""Doc-UFCN"",""model_id"":""doc-ufcn-generic-page"",""model_sha256"":""ab9036a138c9792d433edd02ac3c744745c0b06f01fc50e973c2b92d9e0dfd83"",""model_source"":""https://huggingface.co/Teklia/doc-ufcn-generic-page/resolve/main/model.pth?download=true"",""padding_arbitration"":{""baseline_boundary_support"":{""background_score"":39.11521530151367,""contrast_ratio"":0.1896691308379834,""edge_scores"":[11.5243,29.5731,0.1692,3.3136],""robust_score"":7.4189488887786865},""baseline_padding_fraction"":0.05,""decision"":""requested-padding"",""requested_boundary_support"":{""background_score"":39.11521530151367,""contrast_ratio"":1.3934099577923114,""edge_scores"":[95.553,123.683,9.3932,13.454],""robust_score"":54.503530502319336},""requested_padding_fraction"":0.01},""page_envelope"":{""decision"":""image-supported-single-leaf-spread-completion"",""joined_component_count"":0,""qualifying_component_count"":7,""selected_component_area"":1023477.5,""selected_confidence"":0.99,""single_leaf_spread_completion"":{""attempted"":true,""boundary_background"":23.0,""boundary_contrast_ratio"":1.8696,""boundary_mad"":6.5,""boundary_score"":43.0,""boundary_selection"":""outer-background-transition"",""boundary_threshold"":42.5,""boundary_x"":1217.0,""completed_area"":1023477.5,""completed_bounds"":[118.0,20.0,1217.0,962.0],""decision"":""image-supported-single-leaf-spread-completion"",""leaf_height_fraction"":0.9544072948328267,""leaf_width_fraction"":0.4787234042553192,""missing_side"":""right"",""outer_background_boundary"":{""accepted"":true,""background"":0.0,""background_mad"":0.0,""boundary_x"":1217.0,""candidate_count"":7,""contrast"":11.5,""inside_level"":11.5,""outside_level"":0.0,""reason"":""sustained-outer-background-transition""},""outer_boundary"":true,""physical_margin_fractions"":{""bottom"":0.0253,""left"":0.0897,""right"":0.4316,""top"":0.0203},""robust_boundary_candidates"":5,""span_gain"":1.7444}},""parameters"":{""minimum_component_area_fraction"":0.0005,""minimum_confidence"":0.5,""minimum_page_area_fraction"":0.2,""page_padding_fraction"":0.01},""raw_polygon_count"":12,""selected_area_fraction"":0.7879619706642277,""selected_confidence"":0.99,""upstream_license"":""BSD-3-Clause"",""upstream_repository"":""https://github.com/johnlockejrr/doc-ufcn""},""foundation"":null,""method"":""doc_ufcn_page_mask"",""origin"":"""",""repository"":"""",""score"":0.9924999999999999,""status"":""ok"",""version"":""""},""edge_error_maximum_px"":40,""edge_error_mean_px"":13.0,""edge_errors"":{""bottom"":5,""left"":40,""maximum"":40,""mean"":13.0,""right"":5,""top"":2},""elapsed_ms"":109.625,""global_ordinal"":5,""iou"":0.95446137,""label"":""damaged_partial_register_spread"",""layout_type"":""two_page_spread"",""predicted_bbox"":[107,10,1228,972],""status"":""ok""}"
run-20260902-211535,595002645fcc,595002645fcc3a26c22a705af27d356659ed3e8bd727ddcbb5322793aa2deb00,1,595002645fcc,c33f132009cd80271da55c26a096d05dcee4d8794353e5e514c637c35f419b32,1,85fa16f9a9085f2d9f1abcf26ea66ce563a0fe1e6fa70cbb849de75d9be25105,881,,1,,1,1,"[""historic_best""]","{""detector"": ""doc_ufcn_page_mask"", ""golden_set_sha256"": ""135c0ff576876ef8911296e2502193ed20d159799079a4f8a58994854fcbba8e"", ""historic_build_number"": ""799"", ""historic_build_url"": ""https://github.com/dlstupka/hth/actions/runs/32911799256"", ""historic_calibration_id"": ""run-20260825-234203"", ""historic_created_at_utc"": ""2026-08-25T23:41:53.758019+00:00"", ""model_variant"": null, ""parameter_identity_sha256"": ""c33f132009cd80271da55c26a096d05dcee4d8794353e5e514c637c35f419b32"", ""parameter_set_id"": ""595002645fcc"", ""parameters"": {""minimum_component_area_fraction"": 0.0005, ""minimum_confidence"": 0.5, ""minimum_page_area_fraction"": 0.2, ""page_padding_fraction"": 0.01}, ""provenance_source"": ""parameter-provenance""}",2,0.4710254740000437,0.2,6,title_or_index_sheet,single_page,ok,0.97080325,11,9,6,4,7.5,11,43.146,"[15, 28, 1074, 970]","[4, 19, 1080, 974]","{""minimum_component_area_fraction"":0.0005,""minimum_confidence"":0.5,""minimum_page_area_fraction"":0.2,""page_padding_fraction"":0.01}",,,"{""historic_reference"":{""detector"":""doc_ufcn_page_mask"",""golden_set_sha256"":""135c0ff576876ef8911296e2502193ed20d159799079a4f8a58994854fcbba8e"",""historic_build_number"":""799"",""historic_build_url"":""https://github.com/dlstupka/hth/actions/runs/32911799256"",""historic_calibration_id"":""run-20260825-234203"",""historic_created_at_utc"":""2026-08-25T23:41:53.758019+00:00"",""model_variant"":null,""parameter_identity_sha256"":""c33f132009cd80271da55c26a096d05dcee4d8794353e5e514c637c35f419b32"",""parameter_set_id"":""595002645fcc"",""parameters"":{""minimum_component_area_fraction"":0.0005,""minimum_confidence"":0.5,""minimum_page_area_fraction"":0.2,""page_padding_fraction"":0.01},""provenance_source"":""parameter-provenance""},""legacy_parameter_set_id"":""595002645fcc"",""parameter_grid_ordinal"":881,""parameter_grid_sha256"":""85fa16f9a9085f2d9f1abcf26ea66ce563a0fe1e6fa70cbb849de75d9be25105"",""parameter_identity_schema_version"":""1"",""parameter_identity_sha256"":""c33f132009cd80271da55c26a096d05dcee4d8794353e5e514c637c35f419b32"",""parameter_schema_version"":""1"",""parameter_set_equivalence_family_id"":""595002645fcc"",""parameter_set_equivalence_family_sha256"":""595002645fcc3a26c22a705af27d356659ed3e8bd727ddcbb5322793aa2deb00"",""parameter_set_equivalence_family_size"":1,""parameter_set_id"":""595002645fcc"",""parameters"":{""minimum_component_area_fraction"":0.0005,""minimum_confidence"":0.5,""minimum_page_area_fraction"":0.2,""page_padding_fraction"":0.01},""profile"":null,""rank"":1,""reference_roles"":[""historic_best""],""requested_search_member"":true,""run_id"":""run-20260902-211535"",""search_observation"":{""completion_index"":2,""elapsed_seconds"":0.4710254740000437,""parameter_set_number"":2,""search_fraction"":0.2},""search_space_member"":true,""summary"":{""elapsed_ms_total"":338.102,""failure_count"":0,""mean_edge_error_px"":6.85,""mean_iou"":0.97471612,""mean_iou_success"":0.97471612,""minimum_iou"":0.95446137,""page_count"":5,""stddev_iou"":0.011898,""success_count"":5,""wall_ms"":338.809}}","{""approved_bbox"":[15,28,1074,970],""candidate"":{""authors"":null,""bbox"":[4,19,1080,974],""confidence"":0.9775,""corners"":[[1079.5400390625,973.3499755859375],[4.46002197265625,973.3499755859375],[4.46002197265625,19.649993896484375],[1079.5400390625,19.649993896484375]],""detector_name"":"""",""diagnostics"":{""doc_ufcn_version"":""0.2.0rc4"",""evidence"":""doc_ufcn_generic_page_polygon"",""inference_backend"":""doc-ufcn-pytorch"",""input_size"":768,""model_family"":""Doc-UFCN"",""model_id"":""doc-ufcn-generic-page"",""model_sha256"":""ab9036a138c9792d433edd02ac3c744745c0b06f01fc50e973c2b92d9e0dfd83"",""model_source"":""https://huggingface.co/Teklia/doc-ufcn-generic-page/resolve/main/model.pth?download=true"",""padding_arbitration"":{""baseline_boundary_support"":{""background_score"":12.0,""contrast_ratio"":0.0,""edge_scores"":[0.0,0.4139,0.0,0.0],""robust_score"":0.0},""baseline_padding_fraction"":0.05,""decision"":""requested-padding"",""requested_boundary_support"":{""background_score"":12.0,""contrast_ratio"":0.16098743925491968,""edge_scores"":[3.0149,0.5563,37.9825,0.8488],""robust_score"":1.9318492710590363},""requested_padding_fraction"":0.01},""page_envelope"":{""decision"":""single-component"",""joined_component_count"":0,""qualifying_component_count"":1,""selected_component_area"":975839.5,""selected_confidence"":0.97,""single_leaf_spread_completion"":{""attempted"":false,""decision"":""already-broad"",""leaf_height_fraction"":0.9521871820956256,""leaf_width_fraction"":0.9696691176470589,""physical_margin_fractions"":{""bottom"":0.0183,""left"":0.0138,""right"":0.0165,""top"":0.0295}}},""parameters"":{""minimum_component_area_fraction"":0.0005,""minimum_confidence"":0.5,""minimum_page_area_fraction"":0.2,""page_padding_fraction"":0.01},""raw_polygon_count"":1,""selected_area_fraction"":0.9124224874334271,""selected_confidence"":0.97,""upstream_license"":""BSD-3-Clause"",""upstream_repository"":""https://github.com/johnlockejrr/doc-ufcn""},""foundation"":null,""method"":""doc_ufcn_page_mask"",""origin"":"""",""repository"":"""",""score"":0.9775,""status"":""ok"",""version"":""""},""edge_error_maximum_px"":11,""edge_error_mean_px"":7.5,""edge_errors"":{""bottom"":4,""left"":11,""maximum"":11,""mean"":7.5,""right"":6,""top"":9},""elapsed_ms"":43.146,""global_ordinal"":6,""iou"":0.97080325,""label"":""title_or_index_sheet"",""layout_type"":""single_page"",""predicted_bbox"":[4,19,1080,974],""status"":""ok""}"
run-20260902-211535,595002645fcc,595002645fcc3a26c22a705af27d356659ed3e8bd727ddcbb5322793aa2deb00,1,595002645fcc,c33f132009cd80271da55c26a096d05dcee4d8794353e5e514c637c35f419b32,1,85fa16f9a9085f2d9f1abcf26ea66ce563a0fe1e6fa70cbb849de75d9be25105,881,,1,,1,1,"[""historic_best""]","{""detector"": ""doc_ufcn_page_mask"", ""golden_set_sha256"": ""135c0ff576876ef8911296e2502193ed20d159799079a4f8a58994854fcbba8e"", ""historic_build_number"": ""799"", ""historic_build_url"": ""https://github.com/dlstupka/hth/actions/runs/32911799256"", ""historic_calibration_id"": ""run-20260825-234203"", ""historic_created_at_utc"": ""2026-08-25T23:41:53.758019+00:00"", ""model_variant"": null, ""parameter_identity_sha256"": ""c33f132009cd80271da55c26a096d05dcee4d8794353e5e514c637c35f419b32"", ""parameter_set_id"": ""595002645fcc"", ""parameters"": {""minimum_component_area_fraction"": 0.0005, ""minimum_confidence"": 0.5, ""minimum_page_area_fraction"": 0.2, ""page_padding_fraction"": 0.01}, ""provenance_source"": ""parameter-provenance""}",2,0.4710254740000437,0.2,9,clean_two_page_spread,two_page_spread,ok,0.98997047,5,0,3,2,2.5,5,60.857,"[84, 51, 1101, 941]","[79, 51, 1104, 943]","{""minimum_component_area_fraction"":0.0005,""minimum_confidence"":0.5,""minimum_page_area_fraction"":0.2,""page_padding_fraction"":0.01}",,,"{""historic_reference"":{""detector"":""doc_ufcn_page_mask"",""golden_set_sha256"":""135c0ff576876ef8911296e2502193ed20d159799079a4f8a58994854fcbba8e"",""historic_build_number"":""799"",""historic_build_url"":""https://github.com/dlstupka/hth/actions/runs/32911799256"",""historic_calibration_id"":""run-20260825-234203"",""historic_created_at_utc"":""2026-08-25T23:41:53.758019+00:00"",""model_variant"":null,""parameter_identity_sha256"":""c33f132009cd80271da55c26a096d05dcee4d8794353e5e514c637c35f419b32"",""parameter_set_id"":""595002645fcc"",""parameters"":{""minimum_component_area_fraction"":0.0005,""minimum_confidence"":0.5,""minimum_page_area_fraction"":0.2,""page_padding_fraction"":0.01},""provenance_source"":""parameter-provenance""},""legacy_parameter_set_id"":""595002645fcc"",""parameter_grid_ordinal"":881,""parameter_grid_sha256"":""85fa16f9a9085f2d9f1abcf26ea66ce563a0fe1e6fa70cbb849de75d9be25105"",""parameter_identity_schema_version"":""1"",""parameter_identity_sha256"":""c33f132009cd80271da55c26a096d05dcee4d8794353e5e514c637c35f419b32"",""parameter_schema_version"":""1"",""parameter_set_equivalence_family_id"":""595002645fcc"",""parameter_set_equivalence_family_sha256"":""595002645fcc3a26c22a705af27d356659ed3e8bd727ddcbb5322793aa2deb00"",""parameter_set_equivalence_family_size"":1,""parameter_set_id"":""595002645fcc"",""parameters"":{""minimum_component_area_fraction"":0.0005,""minimum_confidence"":0.5,""minimum_page_area_fraction"":0.2,""page_padding_fraction"":0.01},""profile"":null,""rank"":1,""reference_roles"":[""historic_best""],""requested_search_member"":true,""run_id"":""run-20260902-211535"",""search_observation"":{""completion_index"":2,""elapsed_seconds"":0.4710254740000437,""parameter_set_number"":2,""search_fraction"":0.2},""search_space_member"":true,""summary"":{""elapsed_ms_total"":338.102,""failure_count"":0,""mean_edge_error_px"":6.85,""mean_iou"":0.97471612,""mean_iou_success"":0.97471612,""minimum_iou"":0.95446137,""page_count"":5,""stddev_iou"":0.011898,""success_count"":5,""wall_ms"":338.809}}","{""approved_bbox"":[84,51,1101,941],""candidate"":{""authors"":null,""bbox"":[79,51,1104,943],""confidence"":0.9924999999999999,""corners"":[[1103.0299072265625,942.7398681640625],[79.97000122070312,942.7398681640625],[79.97000122070312,51.260009765625],[1103.0299072265625,51.260009765625]],""detector_name"":"""",""diagnostics"":{""doc_ufcn_version"":""0.2.0rc4"",""evidence"":""doc_ufcn_generic_page_polygon"",""inference_backend"":""doc-ufcn-pytorch"",""input_size"":768,""model_family"":""Doc-UFCN"",""model_id"":""doc-ufcn-generic-page"",""model_sha256"":""ab9036a138c9792d433edd02ac3c744745c0b06f01fc50e973c2b92d9e0dfd83"",""model_source"":""https://huggingface.co/Teklia/doc-ufcn-generic-page/resolve/main/model.pth?download=true"",""padding_arbitration"":{""baseline_boundary_support"":{""background_score"":23.409399032592773,""contrast_ratio"":0.08973955663659074,""edge_scores"":[0.1349,4.0482,0.1533,5.28],""robust_score"":2.1007490903139114},""baseline_padding_fraction"":0.05,""decision"":""requested-padding"",""requested_boundary_support"":{""background_score"":23.409399032592773,""contrast_ratio"":3.663930883276637,""edge_scores"":[34.4191,82.522,129.2305,89.0189],""robust_score"":85.77042007446289},""requested_padding_fraction"":0.01},""page_envelope"":{""decision"":""multi-component-spread-envelope"",""joined_component_count"":2,""joined_components"":[{""area_fraction_of_primary"":0.994091415699617,""height_ratio"":0.9965714285714286,""horizontal_center_separation_fraction"":0.3920807453416149,""span_gain"":2.003992015968064,""vertical_overlap"":1.0}],""qualifying_component_count"":2,""selected_component_area"":869386.0,""selected_confidence"":0.99},""parameters"":{""minimum_component_area_fraction"":0.0005,""minimum_confidence"":0.5,""minimum_page_area_fraction"":0.2,""page_padding_fraction"":0.01},""raw_polygon_count"":2,""selected_area_fraction"":0.6852681527256677,""selected_confidence"":0.99,""upstream_license"":""BSD-3-Clause"",""upstream_repository"":""https://github.com/johnlockejrr/doc-ufcn""},""foundation"":null,""method"":""doc_ufcn_page_mask"",""origin"":"""",""repository"":"""",""score"":0.9924999999999999,""status"":""ok"",""version"":""""},""edge_error_maximum_px"":5,""edge_error_mean_px"":2.5,""edge_errors"":{""bottom"":2,""left"":5,""maximum"":5,""mean"":2.5,""right"":3,""top"":0},""elapsed_ms"":60.857,""global_ordinal"":9,""iou"":0.98997047,""label"":""clean_two_page_spread"",""layout_type"":""two_page_spread"",""predicted_bbox"":[79,51,1104,943],""status"":""ok""}"
run-20260902-211535,595002645fcc,595002645fcc3a26c22a705af27d356659ed3e8bd727ddcbb5322793aa2deb00,1,595002645fcc,c33f132009cd80271da55c26a096d05dcee4d8794353e5e514c637c35f419b32,1,85fa16f9a9085f2d9f1abcf26ea66ce563a0fe1e6fa70cbb849de75d9be25105,881,,1,,1,1,"[""historic_best""]","{""detector"": ""doc_ufcn_page_mask"", ""golden_set_sha256"": ""135c0ff576876ef8911296e2502193ed20d159799079a4f8a58994854fcbba8e"", ""historic_build_number"": ""799"", ""historic_build_url"": ""https://github.com/dlstupka/hth/actions/runs/32911799256"", ""historic_calibration_id"": ""run-20260825-234203"", ""historic_created_at_utc"": ""2026-08-25T23:41:53.758019+00:00"", ""model_variant"": null, ""parameter_identity_sha256"": ""c33f132009cd80271da55c26a096d05dcee4d8794353e5e514c637c35f419b32"", ""parameter_set_id"": ""595002645fcc"", ""parameters"": {""minimum_component_area_fraction"": 0.0005, ""minimum_confidence"": 0.5, ""minimum_page_area_fraction"": 0.2, ""page_padding_fraction"": 0.01}, ""provenance_source"": ""parameter-provenance""}",2,0.4710254740000437,0.2,10,clean_two_page_spread_2,two_page_spread,ok,0.98138953,7,6,4,2,4.75,7,62.402,"[88, 33, 1154, 968]","[81, 27, 1158, 970]","{""minimum_component_area_fraction"":0.0005,""minimum_confidence"":0.5,""minimum_page_area_fraction"":0.2,""page_padding_fraction"":0.01}",,,"{""historic_reference"":{""detector"":""doc_ufcn_page_mask"",""golden_set_sha256"":""135c0ff576876ef8911296e2502193ed20d159799079a4f8a58994854fcbba8e"",""historic_build_number"":""799"",""historic_build_url"":""https://github.com/dlstupka/hth/actions/runs/32911799256"",""historic_calibration_id"":""run-20260825-234203"",""historic_created_at_utc"":""2026-08-25T23:41:53.758019+00:00"",""model_variant"":null,""parameter_identity_sha256"":""c33f132009cd80271da55c26a096d05dcee4d8794353e5e514c637c35f419b32"",""parameter_set_id"":""595002645fcc"",""parameters"":{""minimum_component_area_fraction"":0.0005,""minimum_confidence"":0.5,""minimum_page_area_fraction"":0.2,""page_padding_fraction"":0.01},""provenance_source"":""parameter-provenance""},""legacy_parameter_set_id"":""595002645fcc"",""parameter_grid_ordinal"":881,""parameter_grid_sha256"":""85fa16f9a9085f2d9f1abcf26ea66ce563a0fe1e6fa70cbb849de75d9be25105"",""parameter_identity_schema_version"":""1"",""parameter_identity_sha256"":""c33f132009cd80271da55c26a096d05dcee4d8794353e5e514c637c35f419b32"",""parameter_schema_version"":""1"",""parameter_set_equivalence_family_id"":""595002645fcc"",""parameter_set_equivalence_family_sha256"":""595002645fcc3a26c22a705af27d356659ed3e8bd727ddcbb5322793aa2deb00"",""parameter_set_equivalence_family_size"":1,""parameter_set_id"":""595002645fcc"",""parameters"":{""minimum_component_area_fraction"":0.0005,""minimum_confidence"":0.5,""minimum_page_area_fraction"":0.2,""page_padding_fraction"":0.01},""profile"":null,""rank"":1,""reference_roles"":[""historic_best""],""requested_search_member"":true,""run_id"":""run-20260902-211535"",""search_observation"":{""completion_index"":2,""elapsed_seconds"":0.4710254740000437,""parameter_set_number"":2,""search_fraction"":0.2},""search_space_member"":true,""summary"":{""elapsed_ms_total"":338.102,""failure_count"":0,""mean_edge_error_px"":6.85,""mean_iou"":0.97471612,""mean_iou_success"":0.97471612,""minimum_iou"":0.95446137,""page_count"":5,""stddev_iou"":0.011898,""success_count"":5,""wall_ms"":338.809}}","{""approved_bbox"":[88,33,1154,968],""candidate"":{""authors"":null,""bbox"":[81,27,1158,970],""confidence"":0.9924999999999999,""corners"":[[84.51092529296875,969.0652465820312],[81.0703125,31.506988525390625],[1154.520751953125,27.56768798828125],[1157.9613037109375,965.1259765625]],""detector_name"":"""",""diagnostics"":{""doc_ufcn_version"":""0.2.0rc4"",""evidence"":""doc_ufcn_generic_page_polygon"",""inference_backend"":""doc-ufcn-pytorch"",""input_size"":768,""model_family"":""Doc-UFCN"",""model_id"":""doc-ufcn-generic-page"",""model_sha256"":""ab9036a138c9792d433edd02ac3c744745c0b06f01fc50e973c2b92d9e0dfd83"",""model_source"":""https://huggingface.co/Teklia/doc-ufcn-generic-page/resolve/main/model.pth?download=true"",""padding_arbitration"":{""baseline_boundary_support"":{""background_score"":27.312999725341797,""contrast_ratio"":0.053323599370050496,""edge_scores"":[3.2118,0.4265,2.4863,0.1746],""robust_score"":1.4564274549484253},""baseline_padding_fraction"":0.05,""decision"":""requested-padding"",""requested_boundary_support"":{""background_score"":27.312999725341797,""contrast_ratio"":2.326106479398777,""edge_scores"":[77.9546,45.3735,94.8563,49.1113],""robust_score"":63.53294563293457},""requested_padding_fraction"":0.01},""page_envelope"":{""decision"":""single-component"",""joined_component_count"":0,""qualifying_component_count"":1,""selected_component_area"":944388.5,""selected_confidence"":0.99,""single_leaf_spread_completion"":{""attempted"":false,""decision"":""already-broad"",""leaf_height_fraction"":0.9272727272727272,""leaf_width_fraction"":0.832807570977918,""physical_margin_fractions"":{""bottom"":0.0333,""left"":0.0726,""right"":0.0946,""top"":0.0394}}},""parameters"":{""minimum_component_area_fraction"":0.0005,""minimum_confidence"":0.5,""minimum_page_area_fraction"":0.2,""page_padding_fraction"":0.01},""raw_polygon_count"":1,""selected_area_fraction"":0.7523089730108657,""selected_confidence"":0.99,""upstream_license"":""BSD-3-Clause"",""upstream_repository"":""https://github.com/johnlockejrr/doc-ufcn""},""foundation"":null,""method"":""doc_ufcn_page_mask"",""origin"":"""",""repository"":"""",""score"":0.9924999999999999,""status"":""ok"",""version"":""""},""edge_error_maximum_px"":7,""edge_error_mean_px"":4.75,""edge_errors"":{""bottom"":2,""left"":7,""maximum"":7,""mean"":4.75,""right"":4,""top"":6},""elapsed_ms"":62.402,""global_ordinal"":10,""iou"":0.98138953,""label"":""clean_two_page_spread_2"",""layout_type"":""two_page_spread"",""predicted_bbox"":[81,27,1158,970],""status"":""ok""}"
run-20260902-211535,a5b5f0a03acf,a5b5f0a03acffeca9dc0bd94d906e225997b10e5398cf158cccb8dc96b13e087,1,a5b5f0a03acf,233c68648332f2421d0b3695f5dbf4b737a324b3474949981c9d13490769accc,1,85fa16f9a9085f2d9f1abcf26ea66ce563a0fe1e6fa70cbb849de75d9be25105,1,,2,1,1,1,[],{},3,1.2666119040000012,0.3,1,ordinary_two_page_spread,two_page_spread,ok,0.97695597,15,2,6,3,6.5,15,94.155,"[125, 56, 1289, 967]","[110, 54, 1295, 964]","{""minimum_component_area_fraction"":0.0,""minimum_confidence"":0.0,""minimum_page_area_fraction"":0.08,""page_padding_fraction"":0.01}",,,"{""legacy_parameter_set_id"":""a5b5f0a03acf"",""parameter_grid_ordinal"":1,""parameter_grid_sha256"":""85fa16f9a9085f2d9f1abcf26ea66ce563a0fe1e6fa70cbb849de75d9be25105"",""parameter_identity_schema_version"":""1"",""parameter_identity_sha256"":""233c68648332f2421d0b3695f5dbf4b737a324b3474949981c9d13490769accc"",""parameter_schema_version"":""1"",""parameter_set_equivalence_family_id"":""a5b5f0a03acf"",""parameter_set_equivalence_family_sha256"":""a5b5f0a03acffeca9dc0bd94d906e225997b10e5398cf158cccb8dc96b13e087"",""parameter_set_equivalence_family_size"":1,""parameter_set_id"":""a5b5f0a03acf"",""parameters"":{""minimum_component_area_fraction"":0.0,""minimum_confidence"":0.0,""minimum_page_area_fraction"":0.08,""page_padding_fraction"":0.01},""profile"":null,""rank"":2,""reference_roles"":[],""requested_search_member"":true,""run_id"":""run-20260902-211535"",""search_observation"":{""completion_index"":3,""elapsed_seconds"":1.2666119040000012,""parameter_set_number"":3,""search_fraction"":0.3},""search_rank"":1,""search_space_member"":true,""summary"":{""elapsed_ms_total"":787.308,""failure_count"":0,""mean_edge_error_px"":6.85,""mean_iou"":0.97471612,""mean_iou_success"":0.97471612,""minimum_iou"":0.95446137,""page_count"":5,""stddev_iou"":0.011898,""success_count"":5,""wall_ms"":788.293}}","{""approved_bbox"":[125,56,1289,967],""candidate"":{""authors"":null,""bbox"":[110,54,1295,964],""confidence"":0.9924999999999999,""corners"":[[1294.6097412109375,963.9198608398438],[110.3900146484375,963.9198608398438],[110.3900146484375,54.08001708984375],[1294.6097412109375,54.08001708984375]],""detector_name"":"""",""diagnostics"":{""doc_ufcn_version"":""0.2.0rc4"",""evidence"":""doc_ufcn_generic_page_polygon"",""inference_backend"":""doc-ufcn-pytorch"",""input_size"":768,""model_family"":""Doc-UFCN"",""model_id"":""doc-ufcn-generic-page"",""model_sha256"":""ab9036a138c9792d433edd02ac3c744745c0b06f01fc50e973c2b92d9e0dfd83"",""model_source"":""https://huggingface.co/Teklia/doc-ufcn-generic-page/resolve/main/model.pth?download=true"",""padding_arbitration"":{""baseline_boundary_support"":{""background_score"":37.202152252197266,""contrast_ratio"":0.367002262845942,""edge_scores"":[13.7315,54.4253,2.4943,13.575],""robust_score"":13.653274059295654},""baseline_padding_fraction"":0.05,""decision"":""requested-padding"",""requested_boundary_support"":{""background_score"":37.202152252197266,""contrast_ratio"":1.6028447484450112,""edge_scores"":[109.1043,89.4748,29.7838,1.1538],""robust_score"":59.62927436828613},""requested_padding_fraction"":0.01},""page_envelope"":{""decision"":""multi-component-spread-envelope"",""joined_component_count"":2,""joined_components"":[{""area_fraction_of_primary"":0.9887496048885811,""height_ratio"":1.0,""horizontal_center_separation_fraction"":0.4240231548480463,""span_gain"":2.0138648180242633,""vertical_overlap"":1.0}],""qualifying_component_count"":2,""selected_component_area"":1026928.5,""selected_confidence"":0.99},""parameters"":{""minimum_component_area_fraction"":0.0,""minimum_confidence"":0.0,""minimum_page_area_fraction"":0.08,""page_padding_fraction"":0.01},""raw_polygon_count"":2,""selected_area_fraction"":0.7536249167065399,""selected_confidence"":0.99,""upstream_license"":""BSD-3-Clause"",""upstream_repository"":""https://github.com/johnlockejrr/doc-ufcn""},""foundation"":null,""method"":""doc_ufcn_page_mask"",""origin"":"""",""repository"":"""",""score"":0.9924999999999999,""status"":""ok"",""version"":""""},""edge_error_maximum_px"":15,""edge_error_mean_px"":6.5,""edge_errors"":{""bottom"":3,""left"":15,""maximum"":15,""mean"":6.5,""right"":6,""top"":2},""elapsed_ms"":94.155,""global_ordinal"":1,""iou"":0.97695597,""label"":""ordinary_two_page_spread"",""layout_type"":""two_page_spread"",""predicted_bbox"":[110,54,1295,964],""status"":""ok""}"
run-20260902-211535,a5b5f0a03acf,a5b5f0a03acffeca9dc0bd94d906e225997b10e5398cf158cccb8dc96b13e087,1,a5b5f0a03acf,233c68648332f2421d0b3695f5dbf4b737a324b3474949981c9d13490769accc,1,85fa16f9a9085f2d9f1abcf26ea66ce563a0fe1e6fa70cbb849de75d9be25105,1,,2,1,1,1,[],{},3,1.2666119040000012,0.3,5,damaged_partial_register_spread,two_page_spread,ok,0.95446137,40,2,5,5,13.0,40,168.026,"[67, 8, 1233, 977]","[107, 10, 1228, 972]","{""minimum_component_area_fraction"":0.0,""minimum_confidence"":0.0,""minimum_page_area_fraction"":0.08,""page_padding_fraction"":0.01}",,,"{""legacy_parameter_set_id"":""a5b5f0a03acf"",""parameter_grid_ordinal"":1,""parameter_grid_sha256"":""85fa16f9a9085f2d9f1abcf26ea66ce563a0fe1e6fa70cbb849de75d9be25105"",""parameter_identity_schema_version"":""1"",""parameter_identity_sha256"":""233c68648332f2421d0b3695f5dbf4b737a324b3474949981c9d13490769accc"",""parameter_schema_version"":""1"",""parameter_set_equivalence_family_id"":""a5b5f0a03acf"",""parameter_set_equivalence_family_sha256"":""a5b5f0a03acffeca9dc0bd94d906e225997b10e5398cf158cccb8dc96b13e087"",""parameter_set_equivalence_family_size"":1,""parameter_set_id"":""a5b5f0a03acf"",""parameters"":{""minimum_component_area_fraction"":0.0,""minimum_confidence"":0.0,""minimum_page_area_fraction"":0.08,""page_padding_fraction"":0.01},""profile"":null,""rank"":2,""reference_roles"":[],""requested_search_member"":true,""run_id"":""run-20260902-211535"",""search_observation"":{""completion_index"":3,""elapsed_seconds"":1.2666119040000012,""parameter_set_number"":3,""search_fraction"":0.3},""search_rank"":1,""search_space_member"":true,""summary"":{""elapsed_ms_total"":787.308,""failure_count"":0,""mean_edge_error_px"":6.85,""mean_iou"":0.97471612,""mean_iou_success"":0.97471612,""minimum_iou"":0.95446137,""page_count"":5,""stddev_iou"":0.011898,""success_count"":5,""wall_ms"":788.293}}","{""approved_bbox"":[67,8,1233,977],""candidate"":{""authors"":null,""bbox"":[107,10,1228,972],""confidence"":0.9924999999999999,""corners"":[[1227.989990234375,971.4199829101562],[107.010009765625,971.4199829101562],[107.010009765625,10.58001708984375],[1227.989990234375,10.58001708984375]],""detector_name"":"""",""diagnostics"":{""doc_ufcn_version"":""0.2.0rc4"",""evidence"":""doc_ufcn_generic_page_polygon"",""inference_backend"":""doc-ufcn-pytorch"",""input_size"":768,""model_family"":""Doc-UFCN"",""model_id"":""doc-ufcn-generic-page"",""model_sha256"":""ab9036a138c9792d433edd02ac3c744745c0b06f01fc50e973c2b92d9e0dfd83"",""model_source"":""https://huggingface.co/Teklia/doc-ufcn-generic-page/resolve/main/model.pth?download=true"",""padding_arbitration"":{""baseline_boundary_support"":{""background_score"":39.11521530151367,""contrast_ratio"":0.1896691308379834,""edge_scores"":[11.5243,29.5731,0.1692,3.3136],""robust_score"":7.4189488887786865},""baseline_padding_fraction"":0.05,""decision"":""requested-padding"",""requested_boundary_support"":{""background_score"":39.11521530151367,""contrast_ratio"":1.3934099577923114,""edge_scores"":[95.553,123.683,9.3932,13.454],""robust_score"":54.503530502319336},""requested_padding_fraction"":0.01},""page_envelope"":{""decision"":""image-supported-single-leaf-spread-completion"",""joined_component_count"":0,""qualifying_component_count"":12,""selected_component_area"":1023477.5,""selected_confidence"":0.99,""single_leaf_spread_completion"":{""attempted"":true,""boundary_background"":23.0,""boundary_contrast_ratio"":1.8696,""boundary_mad"":6.5,""boundary_score"":43.0,""boundary_selection"":""outer-background-transition"",""boundary_threshold"":42.5,""boundary_x"":1217.0,""completed_area"":1023477.5,""completed_bounds"":[118.0,20.0,1217.0,962.0],""decision"":""image-supported-single-leaf-spread-completion"",""leaf_height_fraction"":0.9544072948328267,""leaf_width_fraction"":0.4787234042553192,""missing_side"":""right"",""outer_background_boundary"":{""accepted"":true,""background"":0.0,""background_mad"":0.0,""boundary_x"":1217.0,""candidate_count"":7,""contrast"":11.5,""inside_level"":11.5,""outside_level"":0.0,""reason"":""sustained-outer-background-transition""},""outer_boundary"":true,""physical_margin_fractions"":{""bottom"":0.0253,""left"":0.0897,""right"":0.4316,""top"":0.0203},""robust_boundary_candidates"":5,""span_gain"":1.7444}},""parameters"":{""minimum_component_area_fraction"":0.0,""minimum_confidence"":0.0,""minimum_page_area_fraction"":0.08,""page_padding_fraction"":0.01},""raw_polygon_count"":12,""selected_area_fraction"":0.7879619706642277,""selected_confidence"":0.99,""upstream_license"":""BSD-3-Clause"",""upstream_repository"":""https://github.com/johnlockejrr/doc-ufcn""},""foundation"":null,""method"":""doc_ufcn_page_mask"",""origin"":"""",""repository"":"""",""score"":0.9924999999999999,""status"":""ok"",""version"":""""},""edge_error_maximum_px"":40,""edge_error_mean_px"":13.0,""edge_errors"":{""bottom"":5,""left"":40,""maximum"":40,""mean"":13.0,""right"":5,""top"":2},""elapsed_ms"":168.026,""global_ordinal"":5,""iou"":0.95446137,""label"":""damaged_partial_register_spread"",""layout_type"":""two_page_spread"",""predicted_bbox"":[107,10,1228,972],""status"":""ok""}"
run-20260902-211535,a5b5f0a03acf,a5b5f0a03acffeca9dc0bd94d906e225997b10e5398cf158cccb8dc96b13e087,1,a5b5f0a03acf,233c68648332f2421d0b3695f5dbf4b737a324b3474949981c9d13490769accc,1,85fa16f9a9085f2d9f1abcf26ea66ce563a0fe1e6fa70cbb849de75d9be25105,1,,2,1,1,1,[],{},3,1.2666119040000012,0.3,6,title_or_index_sheet,single_page,ok,0.97080325,11,9,6,4,7.5,11,171.16,"[15, 28, 1074, 970]","[4, 19, 1080, 974]","{""minimum_component_area_fraction"":0.0,""minimum_confidence"":0.0,""minimum_page_area_fraction"":0.08,""page_padding_fraction"":0.01}",,,"{""legacy_parameter_set_id"":""a5b5f0a03acf"",""parameter_grid_ordinal"":1,""parameter_grid_sha256"":""85fa16f9a9085f2d9f1abcf26ea66ce563a0fe1e6fa70cbb849de75d9be25105"",""parameter_identity_schema_version"":""1"",""parameter_identity_sha256"":""233c68648332f2421d0b3695f5dbf4b737a324b3474949981c9d13490769accc"",""parameter_schema_version"":""1"",""parameter_set_equivalence_family_id"":""a5b5f0a03acf"",""parameter_set_equivalence_family_sha256"":""a5b5f0a03acffeca9dc0bd94d906e225997b10e5398cf158cccb8dc96b13e087"",""parameter_set_equivalence_family_size"":1,""parameter_set_id"":""a5b5f0a03acf"",""parameters"":{""minimum_component_area_fraction"":0.0,""minimum_confidence"":0.0,""minimum_page_area_fraction"":0.08,""page_padding_fraction"":0.01},""profile"":null,""rank"":2,""reference_roles"":[],""requested_search_member"":true,""run_id"":""run-20260902-211535"",""search_observation"":{""completion_index"":3,""elapsed_seconds"":1.2666119040000012,""parameter_set_number"":3,""search_fraction"":0.3},""search_rank"":1,""search_space_member"":true,""summary"":{""elapsed_ms_total"":787.308,""failure_count"":0,""mean_edge_error_px"":6.85,""mean_iou"":0.97471612,""mean_iou_success"":0.97471612,""minimum_iou"":0.95446137,""page_count"":5,""stddev_iou"":0.011898,""success_count"":5,""wall_ms"":788.293}}","{""approved_bbox"":[15,28,1074,970],""candidate"":{""authors"":null,""bbox"":[4,19,1080,974],""confidence"":0.9775,""corners"":[[1079.5400390625,973.3499755859375],[4.46002197265625,973.3499755859375],[4.46002197265625,19.649993896484375],[1079.5400390625,19.649993896484375]],""detector_name"":"""",""diagnostics"":{""doc_ufcn_version"":""0.2.0rc4"",""evidence"":""doc_ufcn_generic_page_polygon"",""inference_backend"":""doc-ufcn-pytorch"",""input_size"":768,""model_family"":""Doc-UFCN"",""model_id"":""doc-ufcn-generic-page"",""model_sha256"":""ab9036a138c9792d433edd02ac3c744745c0b06f01fc50e973c2b92d9e0dfd83"",""model_source"":""https://huggingface.co/Teklia/doc-ufcn-generic-page/resolve/main/model.pth?download=true"",""padding_arbitration"":{""baseline_boundary_support"":{""background_score"":12.0,""contrast_ratio"":0.0,""edge_scores"":[0.0,0.4139,0.0,0.0],""robust_score"":0.0},""baseline_padding_fraction"":0.05,""decision"":""requested-padding"",""requested_boundary_support"":{""background_score"":12.0,""contrast_ratio"":0.16098743925491968,""edge_scores"":[3.0149,0.5563,37.9825,0.8488],""robust_score"":1.9318492710590363},""requested_padding_fraction"":0.01},""page_envelope"":{""decision"":""single-component"",""joined_component_count"":0,""qualifying_component_count"":1,""selected_component_area"":975839.5,""selected_confidence"":0.97,""single_leaf_spread_completion"":{""attempted"":false,""decision"":""already-broad"",""leaf_height_fraction"":0.9521871820956256,""leaf_width_fraction"":0.9696691176470589,""physical_margin_fractions"":{""bottom"":0.0183,""left"":0.0138,""right"":0.0165,""top"":0.0295}}},""parameters"":{""minimum_component_area_fraction"":0.0,""minimum_confidence"":0.0,""minimum_page_area_fraction"":0.08,""page_padding_fraction"":0.01},""raw_polygon_count"":1,""selected_area_fraction"":0.9124224874334271,""selected_confidence"":0.97,""upstream_license"":""BSD-3-Clause"",""upstream_repository"":""https://github.com/johnlockejrr/doc-ufcn""},""foundation"":null,""method"":""doc_ufcn_page_mask"",""origin"":"""",""repository"":"""",""score"":0.9775,""status"":""ok"",""version"":""""},""edge_error_maximum_px"":11,""edge_error_mean_px"":7.5,""edge_errors"":{""bottom"":4,""left"":11,""maximum"":11,""mean"":7.5,""right"":6,""top"":9},""elapsed_ms"":171.16,""global_ordinal"":6,""iou"":0.97080325,""label"":""title_or_index_sheet"",""layout_type"":""single_page"",""predicted_bbox"":[4,19,1080,974],""status"":""ok""}"
run-20260902-211535,a5b5f0a03acf,a5b5f0a03acffeca9dc0bd94d906e225997b10e5398cf158cccb8dc96b13e087,1,a5b5f0a03acf,233c68648332f2421d0b3695f5dbf4b737a324b3474949981c9d13490769accc,1,85fa16f9a9085f2d9f1abcf26ea66ce563a0fe1e6fa70cbb849de75d9be25105,1,,2,1,1,1,[],{},3,1.2666119040000012,0.3,9,clean_two_page_spread,two_page_spread,ok,0.98997047,5,0,3,2,2.5,5,187.883,"[84, 51, 1101, 941]","[79, 51, 1104, 943]","{""minimum_component_area_fraction"":0.0,""minimum_confidence"":0.0,""minimum_page_area_fraction"":0.08,""page_padding_fraction"":0.01}",,,"{""legacy_parameter_set_id"":""a5b5f0a03acf"",""parameter_grid_ordinal"":1,""parameter_grid_sha256"":""85fa16f9a9085f2d9f1abcf26ea66ce563a0fe1e6fa70cbb849de75d9be25105"",""parameter_identity_schema_version"":""1"",""parameter_identity_sha256"":""233c68648332f2421d0b3695f5dbf4b737a324b3474949981c9d13490769accc"",""parameter_schema_version"":""1"",""parameter_set_equivalence_family_id"":""a5b5f0a03acf"",""parameter_set_equivalence_family_sha256"":""a5b5f0a03acffeca9dc0bd94d906e225997b10e5398cf158cccb8dc96b13e087"",""parameter_set_equivalence_family_size"":1,""parameter_set_id"":""a5b5f0a03acf"",""parameters"":{""minimum_component_area_fraction"":0.0,""minimum_confidence"":0.0,""minimum_page_area_fraction"":0.08,""page_padding_fraction"":0.01},""profile"":null,""rank"":2,""reference_roles"":[],""requested_search_member"":true,""run_id"":""run-20260902-211535"",""search_observation"":{""completion_index"":3,""elapsed_seconds"":1.2666119040000012,""parameter_set_number"":3,""search_fraction"":0.3},""search_rank"":1,""search_space_member"":true,""summary"":{""elapsed_ms_total"":787.308,""failure_count"":0,""mean_edge_error_px"":6.85,""mean_iou"":0.97471612,""mean_iou_success"":0.97471612,""minimum_iou"":0.95446137,""page_count"":5,""stddev_iou"":0.011898,""success_count"":5,""wall_ms"":788.293}}","{""approved_bbox"":[84,51,1101,941],""candidate"":{""authors"":null,""bbox"":[79,51,1104,943],""confidence"":0.9924999999999999,""corners"":[[1103.0299072265625,942.7398681640625],[79.97000122070312,942.7398681640625],[79.97000122070312,51.260009765625],[1103.0299072265625,51.260009765625]],""detector_name"":"""",""diagnostics"":{""doc_ufcn_version"":""0.2.0rc4"",""evidence"":""doc_ufcn_generic_page_polygon"",""inference_backend"":""doc-ufcn-pytorch"",""input_size"":768,""model_family"":""Doc-UFCN"",""model_id"":""doc-ufcn-generic-page"",""model_sha256"":""ab9036a138c9792d433edd02ac3c744745c0b06f01fc50e973c2b92d9e0dfd83"",""model_source"":""https://huggingface.co/Teklia/doc-ufcn-generic-page/resolve/main/model.pth?download=true"",""padding_arbitration"":{""baseline_boundary_support"":{""background_score"":23.409399032592773,""contrast_ratio"":0.08973955663659074,""edge_scores"":[0.1349,4.0482,0.1533,5.28],""robust_score"":2.1007490903139114},""baseline_padding_fraction"":0.05,""decision"":""requested-padding"",""requested_boundary_support"":{""background_score"":23.409399032592773,""contrast_ratio"":3.663930883276637,""edge_scores"":[34.4191,82.522,129.2305,89.0189],""robust_score"":85.77042007446289},""requested_padding_fraction"":0.01},""page_envelope"":{""decision"":""multi-component-spread-envelope"",""joined_component_count"":2,""joined_components"":[{""area_fraction_of_primary"":0.994091415699617,""height_ratio"":0.9965714285714286,""horizontal_center_separation_fraction"":0.3920807453416149,""span_gain"":2.003992015968064,""vertical_overlap"":1.0}],""qualifying_component_count"":2,""selected_component_area"":869386.0,""selected_confidence"":0.99},""parameters"":{""minimum_component_area_fraction"":0.0,""minimum_confidence"":0.0,""minimum_page_area_fraction"":0.08,""page_padding_fraction"":0.01},""raw_polygon_count"":2,""selected_area_fraction"":0.6852681527256677,""selected_confidence"":0.99,""upstream_license"":""BSD-3-Clause"",""upstream_repository"":""https://github.com/johnlockejrr/doc-ufcn""},""foundation"":null,""method"":""doc_ufcn_page_mask"",""origin"":"""",""repository"":"""",""score"":0.9924999999999999,""status"":""ok"",""version"":""""},""edge_error_maximum_px"":5,""edge_error_mean_px"":2.5,""edge_errors"":{""bottom"":2,""left"":5,""maximum"":5,""mean"":2.5,""right"":3,""top"":0},""elapsed_ms"":187.883,""global_ordinal"":9,""iou"":0.98997047,""label"":""clean_two_page_spread"",""layout_type"":""two_page_spread"",""predicted_bbox"":[79,51,1104,943],""status"":""ok""}"
run-20260902-211535,a5b5f0a03acf,a5b5f0a03acffeca9dc0bd94d906e225997b10e5398cf158cccb8dc96b13e087,1,a5b5f0a03acf,233c68648332f2421d0b3695f5dbf4b737a324b3474949981c9d13490769accc,1,85fa16f9a9085f2d9f1abcf26ea66ce563a0fe1e6fa70cbb849de75d9be25105,1,,2,1,1,1,[],{},3,1.2666119040000012,0.3,10,clean_two_page_spread_2,two_page_spread,ok,0.98138953,7,6,4,2,4.75,7,166.084,"[88, 33, 1154, 968]","[81, 27, 1158, 970]","{""minimum_component_area_fraction"":0.0,""minimum_confidence"":0.0,""minimum_page_area_fraction"":0.08,""page_padding_fraction"":0.01}",,,"{""legacy_parameter_set_id"":""a5b5f0a03acf"",""parameter_grid_ordinal"":1,""parameter_grid_sha256"":""85fa16f9a9085f2d9f1abcf26ea66ce563a0fe1e6fa70cbb849de75d9be25105"",""parameter_identity_schema_version"":""1"",""parameter_identity_sha256"":""233c68648332f2421d0b3695f5dbf4b737a324b3474949981c9d13490769accc"",""parameter_schema_version"":""1"",""parameter_set_equivalence_family_id"":""a5b5f0a03acf"",""parameter_set_equivalence_family_sha256"":""a5b5f0a03acffeca9dc0bd94d906e225997b10e5398cf158cccb8dc96b13e087"",""parameter_set_equivalence_family_size"":1,""parameter_set_id"":""a5b5f0a03acf"",""parameters"":{""minimum_component_area_fraction"":0.0,""minimum_confidence"":0.0,""minimum_page_area_fraction"":0.08,""page_padding_fraction"":0.01},""profile"":null,""rank"":2,""reference_roles"":[],""requested_search_member"":true,""run_id"":""run-20260902-211535"",""search_observation"":{""completion_index"":3,""elapsed_seconds"":1.2666119040000012,""parameter_set_number"":3,""search_fraction"":0.3},""search_rank"":1,""search_space_member"":true,""summary"":{""elapsed_ms_total"":787.308,""failure_count"":0,""mean_edge_error_px"":6.85,""mean_iou"":0.97471612,""mean_iou_success"":0.97471612,""minimum_iou"":0.95446137,""page_count"":5,""stddev_iou"":0.011898,""success_count"":5,""wall_ms"":788.293}}","{""approved_bbox"":[88,33,1154,968],""candidate"":{""authors"":null,""bbox"":[81,27,1158,970],""confidence"":0.9924999999999999,""corners"":[[84.51092529296875,969.0652465820312],[81.0703125,31.506988525390625],[1154.520751953125,27.56768798828125],[1157.9613037109375,965.1259765625]],""detector_name"":"""",""diagnostics"":{""doc_ufcn_version"":""0.2.0rc4"",""evidence"":""doc_ufcn_generic_page_polygon"",""inference_backend"":""doc-ufcn-pytorch"",""input_size"":768,""model_family"":""Doc-UFCN"",""model_id"":""doc-ufcn-generic-page"",""model_sha256"":""ab9036a138c9792d433edd02ac3c744745c0b06f01fc50e973c2b92d9e0dfd83"",""model_source"":""https://huggingface.co/Teklia/doc-ufcn-generic-page/resolve/main/model.pth?download=true"",""padding_arbitration"":{""baseline_boundary_support"":{""background_score"":27.312999725341797,""contrast_ratio"":0.053323603734612826,""edge_scores"":[3.2118,0.4265,2.4863,0.1746],""robust_score"":1.4564275741577148},""baseline_padding_fraction"":0.05,""decision"":""requested-padding"",""requested_boundary_support"":{""background_score"":27.312999725341797,""contrast_ratio"":2.326106479398777,""edge_scores"":[77.9546,45.3735,94.8563,49.1113],""robust_score"":63.53294563293457},""requested_padding_fraction"":0.01},""page_envelope"":{""decision"":""single-component"",""joined_component_count"":0,""qualifying_component_count"":1,""selected_component_area"":944388.5,""selected_confidence"":0.99,""single_leaf_spread_completion"":{""attempted"":false,""decision"":""already-broad"",""leaf_height_fraction"":0.9272727272727272,""leaf_width_fraction"":0.832807570977918,""physical_margin_fractions"":{""bottom"":0.0333,""left"":0.0726,""right"":0.0946,""top"":0.0394}}},""parameters"":{""minimum_component_area_fraction"":0.0,""minimum_confidence"":0.0,""minimum_page_area_fraction"":0.08,""page_padding_fraction"":0.01},""raw_polygon_count"":1,""selected_area_fraction"":0.7523089730108657,""selected_confidence"":0.99,""upstream_license"":""BSD-3-Clause"",""upstream_repository"":""https://github.com/johnlockejrr/doc-ufcn""},""foundation"":null,""method"":""doc_ufcn_page_mask"",""origin"":"""",""repository"":"""",""score"":0.9924999999999999,""status"":""ok"",""version"":""""},""edge_error_maximum_px"":7,""edge_error_mean_px"":4.75,""edge_errors"":{""bottom"":2,""left"":7,""maximum"":7,""mean"":4.75,""right"":4,""top"":6},""elapsed_ms"":166.084,""global_ordinal"":10,""iou"":0.98138953,""label"":""clean_two_page_spread_2"",""layout_type"":""two_page_spread"",""predicted_bbox"":[81,27,1158,970],""status"":""ok""}"
run-20260902-211535,45a72b95bd15,45a72b95bd15c30c8fa2821f62f4e7dc95795251718c4d54e85dc44e85e6d027,1,45a72b95bd15,37772d5230f8cace82d5a085c73177d0c4c1686bfa13fb5c251daa41193a0e25,1,85fa16f9a9085f2d9f1abcf26ea66ce563a0fe1e6fa70cbb849de75d9be25105,0,,3,2,1,1,[],{},4,1.411601195000003,0.4,1,ordinary_two_page_spread,two_page_spread,ok,0.97164466,3,7,6,12,7.0,12,153.984,"[125, 56, 1289, 967]","[122, 63, 1283, 955]","{""minimum_component_area_fraction"":0.0,""minimum_confidence"":0.0,""minimum_page_area_fraction"":0.08,""page_padding_fraction"":0.0}",,,"{""legacy_parameter_set_id"":""45a72b95bd15"",""parameter_grid_ordinal"":0,""parameter_grid_sha256"":""85fa16f9a9085f2d9f1abcf26ea66ce563a0fe1e6fa70cbb849de75d9be25105"",""parameter_identity_schema_version"":""1"",""parameter_identity_sha256"":""37772d5230f8cace82d5a085c73177d0c4c1686bfa13fb5c251daa41193a0e25"",""parameter_schema_version"":""1"",""parameter_set_equivalence_family_id"":""45a72b95bd15"",""parameter_set_equivalence_family_sha256"":""45a72b95bd15c30c8fa2821f62f4e7dc95795251718c4d54e85dc44e85e6d027"",""parameter_set_equivalence_family_size"":1,""parameter_set_id"":""45a72b95bd15"",""parameters"":{""minimum_component_area_fraction"":0.0,""minimum_confidence"":0.0,""minimum_page_area_fraction"":0.08,""page_padding_fraction"":0.0},""profile"":null,""rank"":3,""reference_roles"":[],""requested_search_member"":true,""run_id"":""run-20260902-211535"",""search_observation"":{""completion_index"":4,""elapsed_seconds"":1.411601195000003,""parameter_set_number"":4,""search_fraction"":0.4},""search_rank"":2,""search_space_member"":true,""summary"":{""elapsed_ms_total"":923.257,""failure_count"":0,""mean_edge_error_px"":9.0,""mean_iou"":0.96560023,""mean_iou_success"":0.96560023,""minimum_iou"":0.91808322,""page_count"":5,""stddev_iou"":0.02488561,""success_count"":5,""wall_ms"":930.035}}","{""approved_bbox"":[125,56,1289,967],""candidate"":{""authors"":null,""bbox"":[122,63,1283,955],""confidence"":0.9924999999999999,""corners"":[[1282.999755859375,954.9998779296875],[122.0,954.9998779296875],[122.0,63.0],[1282.999755859375,63.0]],""detector_name"":"""",""diagnostics"":{""doc_ufcn_version"":""0.2.0rc4"",""evidence"":""doc_ufcn_generic_page_polygon"",""inference_backend"":""doc-ufcn-pytorch"",""input_size"":768,""model_family"":""Doc-UFCN"",""model_id"":""doc-ufcn-generic-page"",""model_sha256"":""ab9036a138c9792d433edd02ac3c744745c0b06f01fc50e973c2b92d9e0dfd83"",""model_source"":""https://huggingface.co/Teklia/doc-ufcn-generic-page/resolve/main/model.pth?download=true"",""padding_arbitration"":{""baseline_boundary_support"":{""background_score"":37.202152252197266,""contrast_ratio"":0.367002262845942,""edge_scores"":[13.7315,54.4253,2.4943,13.575],""robust_score"":13.653274059295654},""baseline_padding_fraction"":0.05,""decision"":""requested-padding"",""requested_boundary_support"":{""background_score"":37.202152252197266,""contrast_ratio"":3.582071180798909,""edge_scores"":[57.2544,130.6992,139.2051,135.8223],""robust_score"":133.26075744628906},""requested_padding_fraction"":0.0},""page_envelope"":{""decision"":""multi-component-spread-envelope"",""joined_component_count"":2,""joined_components"":[{""area_fraction_of_primary"":0.9887496048885811,""height_ratio"":1.0,""horizontal_center_separation_fraction"":0.4240231548480463,""span_gain"":2.0138648180242633,""vertical_overlap"":1.0}],""qualifying_component_count"":2,""selected_component_area"":1026928.5,""selected_confidence"":0.99},""parameters"":{""minimum_component_area_fraction"":0.0,""minimum_confidence"":0.0,""minimum_page_area_fraction"":0.08,""page_padding_fraction"":0.0},""raw_polygon_count"":2,""selected_area_fraction"":0.7536249167065399,""selected_confidence"":0.99,""upstream_license"":""BSD-3-Clause"",""upstream_repository"":""https://github.com/johnlockejrr/doc-ufcn""},""foundation"":null,""method"":""doc_ufcn_page_mask"",""origin"":"""",""repository"":"""",""score"":0.9924999999999999,""status"":""ok"",""version"":""""},""edge_error_maximum_px"":12,""edge_error_mean_px"":7.0,""edge_errors"":{""bottom"":12,""left"":3,""maximum"":12,""mean"":7.0,""right"":6,""top"":7},""elapsed_ms"":153.984,""global_ordinal"":1,""iou"":0.97164466,""label"":""ordinary_two_page_spread"",""layout_type"":""two_page_spread"",""predicted_bbox"":[122,63,1283,955],""status"":""ok""}"
run-20260902-211535,45a72b95bd15,45a72b95bd15c30c8fa2821f62f4e7dc95795251718c4d54e85dc44e85e6d027,1,45a72b95bd15,37772d5230f8cace82d5a085c73177d0c4c1686bfa13fb5c251daa41193a0e25,1,85fa16f9a9085f2d9f1abcf26ea66ce563a0fe1e6fa70cbb849de75d9be25105,0,,3,2,1,1,[],{},4,1.411601195000003,0.4,5,damaged_partial_register_spread,two_page_spread,ok,0.91808322,51,12,15,14,23.0,51,305.63,"[67, 8, 1233, 977]","[118, 20, 1218, 963]","{""minimum_component_area_fraction"":0.0,""minimum_confidence"":0.0,""minimum_page_area_fraction"":0.08,""page_padding_fraction"":0.0}",,,"{""legacy_parameter_set_id"":""45a72b95bd15"",""parameter_grid_ordinal"":0,""parameter_grid_sha256"":""85fa16f9a9085f2d9f1abcf26ea66ce563a0fe1e6fa70cbb849de75d9be25105"",""parameter_identity_schema_version"":""1"",""parameter_identity_sha256"":""37772d5230f8cace82d5a085c73177d0c4c1686bfa13fb5c251daa41193a0e25"",""parameter_schema_version"":""1"",""parameter_set_equivalence_family_id"":""45a72b95bd15"",""parameter_set_equivalence_family_sha256"":""45a72b95bd15c30c8fa2821f62f4e7dc95795251718c4d54e85dc44e85e6d027"",""parameter_set_equivalence_family_size"":1,""parameter_set_id"":""45a72b95bd15"",""parameters"":{""minimum_component_area_fraction"":0.0,""minimum_confidence"":0.0,""minimum_page_area_fraction"":0.08,""page_padding_fraction"":0.0},""profile"":null,""rank"":3,""reference_roles"":[],""requested_search_member"":true,""run_id"":""run-20260902-211535"",""search_observation"":{""completion_index"":4,""elapsed_seconds"":1.411601195000003,""parameter_set_number"":4,""search_fraction"":0.4},""search_rank"":2,""search_space_member"":true,""summary"":{""elapsed_ms_total"":923.257,""failure_count"":0,""mean_edge_error_px"":9.0,""mean_iou"":0.96560023,""mean_iou_success"":0.96560023,""minimum_iou"":0.91808322,""page_count"":5,""stddev_iou"":0.02488561,""success_count"":5,""wall_ms"":930.035}}","{""approved_bbox"":[67,8,1233,977],""candidate"":{""authors"":null,""bbox"":[118,20,1218,963],""confidence"":0.9924999999999999,""corners"":[[1217.0,962.0],[118.0,962.0],[118.0,20.0],[1217.0,20.0]],""detector_name"":"""",""diagnostics"":{""doc_ufcn_version"":""0.2.0rc4"",""evidence"":""doc_ufcn_generic_page_polygon"",""inference_backend"":""doc-ufcn-pytorch"",""input_size"":768,""model_family"":""Doc-UFCN"",""model_id"":""doc-ufcn-generic-page"",""model_sha256"":""ab9036a138c9792d433edd02ac3c744745c0b06f01fc50e973c2b92d9e0dfd83"",""model_source"":""https://huggingface.co/Teklia/doc-ufcn-generic-page/resolve/main/model.pth?download=true"",""padding_arbitration"":{""baseline_boundary_support"":{""background_score"":39.11521530151367,""contrast_ratio"":0.1896691308379834,""edge_scores"":[11.5243,29.5731,0.1692,3.3136],""robust_score"":7.4189488887786865},""baseline_padding_fraction"":0.05,""decision"":""requested-padding"",""requested_boundary_support"":{""background_score"":39.11521530151367,""contrast_ratio"":1.7802287128337257,""edge_scores"":[60.7442,122.4438,78.5238,35.2031],""robust_score"":69.63402938842773},""requested_padding_fraction"":0.0},""page_envelope"":{""decision"":""image-supported-single-leaf-spread-completion"",""joined_component_count"":0,""qualifying_component_count"":12,""selected_component_area"":1023477.5,""selected_confidence"":0.99,""single_leaf_spread_completion"":{""attempted"":true,""boundary_background"":23.0,""boundary_contrast_ratio"":1.8696,""boundary_mad"":6.5,""boundary_score"":43.0,""boundary_selection"":""outer-background-transition"",""boundary_threshold"":42.5,""boundary_x"":1217.0,""completed_area"":1023477.5,""completed_bounds"":[118.0,20.0,1217.0,962.0],""decision"":""image-supported-single-leaf-spread-completion"",""leaf_height_fraction"":0.9544072948328267,""leaf_width_fraction"":0.4787234042553192,""missing_side"":""right"",""outer_background_boundary"":{""accepted"":true,""background"":0.0,""background_mad"":0.0,""boundary_x"":1217.0,""candidate_count"":7,""contrast"":11.5,""inside_level"":11.5,""outside_level"":0.0,""reason"":""sustained-outer-background-transition""},""outer_boundary"":true,""physical_margin_fractions"":{""bottom"":0.0253,""left"":0.0897,""right"":0.4316,""top"":0.0203},""robust_boundary_candidates"":5,""span_gain"":1.7444}},""parameters"":{""minimum_component_area_fraction"":0.0,""minimum_confidence"":0.0,""minimum_page_area_fraction"":0.08,""page_padding_fraction"":0.0},""raw_polygon_count"":12,""selected_area_fraction"":0.7879619706642277,""selected_confidence"":0.99,""upstream_license"":""BSD-3-Clause"",""upstream_repository"":""https://github.com/johnlockejrr/doc-ufcn""},""foundation"":null,""method"":""doc_ufcn_page_mask"",""origin"":"""",""repository"":"""",""score"":0.9924999999999999,""status"":""ok"",""version"":""""},""edge_error_maximum_px"":51,""edge_error_mean_px"":23.0,""edge_errors"":{""bottom"":14,""left"":51,""maximum"":51,""mean"":23.0,""right"":15,""top"":12},""elapsed_ms"":305.63,""global_ordinal"":5,""iou"":0.91808322,""label"":""damaged_partial_register_spread"",""layout_type"":""two_page_spread"",""predicted_bbox"":[118,20,1218,963],""status"":""ok""}"
run-20260902-211535,45a72b95bd15,45a72b95bd15c30c8fa2821f62f4e7dc95795251718c4d54e85dc44e85e6d027,1,45a72b95bd15,37772d5230f8cace82d5a085c73177d0c4c1686bfa13fb5c251daa41193a0e25,1,85fa16f9a9085f2d9f1abcf26ea66ce563a0fe1e6fa70cbb849de75d9be25105,0,,3,2,1,1,[],{},4,1.411601195000003,0.4,6,title_or_index_sheet,single_page,ok,0.98987748,0,1,4,5,2.5,5,123.855,"[15, 28, 1074, 970]","[15, 29, 1070, 965]","{""minimum_component_area_fraction"":0.0,""minimum_confidence"":0.0,""minimum_page_area_fraction"":0.08,""page_padding_fraction"":0.0}",,,"{""legacy_parameter_set_id"":""45a72b95bd15"",""parameter_grid_ordinal"":0,""parameter_grid_sha256"":""85fa16f9a9085f2d9f1abcf26ea66ce563a0fe1e6fa70cbb849de75d9be25105"",""parameter_identity_schema_version"":""1"",""parameter_identity_sha256"":""37772d5230f8cace82d5a085c73177d0c4c1686bfa13fb5c251daa41193a0e25"",""parameter_schema_version"":""1"",""parameter_set_equivalence_family_id"":""45a72b95bd15"",""parameter_set_equivalence_family_sha256"":""45a72b95bd15c30c8fa2821f62f4e7dc95795251718c4d54e85dc44e85e6d027"",""parameter_set_equivalence_family_size"":1,""parameter_set_id"":""45a72b95bd15"",""parameters"":{""minimum_component_area_fraction"":0.0,""minimum_confidence"":0.0,""minimum_page_area_fraction"":0.08,""page_padding_fraction"":0.0},""profile"":null,""rank"":3,""reference_roles"":[],""requested_search_member"":true,""run_id"":""run-20260902-211535"",""search_observation"":{""completion_index"":4,""elapsed_seconds"":1.411601195000003,""parameter_set_number"":4,""search_fraction"":0.4},""search_rank"":2,""search_space_member"":true,""summary"":{""elapsed_ms_total"":923.257,""failure_count"":0,""mean_edge_error_px"":9.0,""mean_iou"":0.96560023,""mean_iou_success"":0.96560023,""minimum_iou"":0.91808322,""page_count"":5,""stddev_iou"":0.02488561,""success_count"":5,""wall_ms"":930.035}}","{""approved_bbox"":[15,28,1074,970],""candidate"":{""authors"":null,""bbox"":[15,29,1070,965],""confidence"":0.9775,""corners"":[[1069.0,964.0],[15.0,964.0],[15.0,29.0],[1069.0,29.0]],""detector_name"":"""",""diagnostics"":{""doc_ufcn_version"":""0.2.0rc4"",""evidence"":""doc_ufcn_generic_page_polygon"",""inference_backend"":""doc-ufcn-pytorch"",""input_size"":768,""model_family"":""Doc-UFCN"",""model_id"":""doc-ufcn-generic-page"",""model_sha256"":""ab9036a138c9792d433edd02ac3c744745c0b06f01fc50e973c2b92d9e0dfd83"",""model_source"":""https://huggingface.co/Teklia/doc-ufcn-generic-page/resolve/main/model.pth?download=true"",""padding_arbitration"":{""baseline_boundary_support"":{""background_score"":12.0,""contrast_ratio"":0.0,""edge_scores"":[0.0,0.4139,0.0,0.0],""robust_score"":0.0},""baseline_padding_fraction"":0.05,""decision"":""requested-padding"",""requested_boundary_support"":{""background_score"":12.0,""contrast_ratio"":15.434856414794922,""edge_scores"":[161.972,177.7359,192.7007,207.2265],""robust_score"":185.21827697753906},""requested_padding_fraction"":0.0},""page_envelope"":{""decision"":""single-component"",""joined_component_count"":0,""qualifying_component_count"":1,""selected_component_area"":975839.5,""selected_confidence"":0.97,""single_leaf_spread_completion"":{""attempted"":false,""decision"":""already-broad"",""leaf_height_fraction"":0.9521871820956256,""leaf_width_fraction"":0.9696691176470589,""physical_margin_fractions"":{""bottom"":0.0183,""left"":0.0138,""right"":0.0165,""top"":0.0295}}},""parameters"":{""minimum_component_area_fraction"":0.0,""minimum_confidence"":0.0,""minimum_page_area_fraction"":0.08,""page_padding_fraction"":0.0},""raw_polygon_count"":1,""selected_area_fraction"":0.9124224874334271,""selected_confidence"":0.97,""upstream_license"":""BSD-3-Clause"",""upstream_repository"":""https://github.com/johnlockejrr/doc-ufcn""},""foundation"":null,""method"":""doc_ufcn_page_mask"",""origin"":"""",""repository"":"""",""score"":0.9775,""status"":""ok"",""version"":""""},""edge_error_maximum_px"":5,""edge_error_mean_px"":2.5,""edge_errors"":{""bottom"":5,""left"":0,""maximum"":5,""mean"":2.5,""right"":4,""top"":1},""elapsed_ms"":123.855,""global_ordinal"":6,""iou"":0.98987748,""label"":""title_or_index_sheet"",""layout_type"":""single_page"",""predicted_bbox"":[15,29,1070,965],""status"":""ok""}"
run-20260902-211535,45a72b95bd15,45a72b95bd15c30c8fa2821f62f4e7dc95795251718c4d54e85dc44e85e6d027,1,45a72b95bd15,37772d5230f8cace82d5a085c73177d0c4c1686bfa13fb5c251daa41193a0e25,1,85fa16f9a9085f2d9f1abcf26ea66ce563a0fe1e6fa70cbb849de75d9be25105,0,,3,2,1,1,[],{},4,1.411601195000003,0.4,9,clean_two_page_spread,two_page_spread,ok,0.96850397,6,9,8,7,7.5,9,177.299,"[84, 51, 1101, 941]","[90, 60, 1093, 934]","{""minimum_component_area_fraction"":0.0,""minimum_confidence"":0.0,""minimum_page_area_fraction"":0.08,""page_padding_fraction"":0.0}",,,"{""legacy_parameter_set_id"":""45a72b95bd15"",""parameter_grid_ordinal"":0,""parameter_grid_sha256"":""85fa16f9a9085f2d9f1abcf26ea66ce563a0fe1e6fa70cbb849de75d9be25105"",""parameter_identity_schema_version"":""1"",""parameter_identity_sha256"":""37772d5230f8cace82d5a085c73177d0c4c1686bfa13fb5c251daa41193a0e25"",""parameter_schema_version"":""1"",""parameter_set_equivalence_family_id"":""45a72b95bd15"",""parameter_set_equivalence_family_sha256"":""45a72b95bd15c30c8fa2821f62f4e7dc95795251718c4d54e85dc44e85e6d027"",""parameter_set_equivalence_family_size"":1,""parameter_set_id"":""45a72b95bd15"",""parameters"":{""minimum_component_area_fraction"":0.0,""minimum_confidence"":0.0,""minimum_page_area_fraction"":0.08,""page_padding_fraction"":0.0},""profile"":null,""rank"":3,""reference_roles"":[],""requested_search_member"":true,""run_id"":""run-20260902-211535"",""search_observation"":{""completion_index"":4,""elapsed_seconds"":1.411601195000003,""parameter_set_number"":4,""search_fraction"":0.4},""search_rank"":2,""search_space_member"":true,""summary"":{""elapsed_ms_total"":923.257,""failure_count"":0,""mean_edge_error_px"":9.0,""mean_iou"":0.96560023,""mean_iou_success"":0.96560023,""minimum_iou"":0.91808322,""page_count"":5,""stddev_iou"":0.02488561,""success_count"":5,""wall_ms"":930.035}}","{""approved_bbox"":[84,51,1101,941],""candidate"":{""authors"":null,""bbox"":[90,60,1093,934],""confidence"":0.9924999999999999,""corners"":[[1092.9998779296875,933.9998779296875],[90.0,933.9998779296875],[90.0,60.0],[1092.9998779296875,60.0]],""detector_name"":"""",""diagnostics"":{""doc_ufcn_version"":""0.2.0rc4"",""evidence"":""doc_ufcn_generic_page_polygon"",""inference_backend"":""doc-ufcn-pytorch"",""input_size"":768,""model_family"":""Doc-UFCN"",""model_id"":""doc-ufcn-generic-page"",""model_sha256"":""ab9036a138c9792d433edd02ac3c744745c0b06f01fc50e973c2b92d9e0dfd83"",""model_source"":""https://huggingface.co/Teklia/doc-ufcn-generic-page/resolve/main/model.pth?download=true"",""padding_arbitration"":{""baseline_boundary_support"":{""background_score"":23.409399032592773,""contrast_ratio"":0.08973955663659074,""edge_scores"":[0.1349,4.0482,0.1533,5.28],""robust_score"":2.1007490903139114},""baseline_padding_fraction"":0.05,""decision"":""requested-padding"",""requested_boundary_support"":{""background_score"":23.409399032592773,""contrast_ratio"":4.336740168693471,""edge_scores"":[126.2493,91.2081,49.9542,111.8328],""robust_score"":101.52048110961914},""requested_padding_fraction"":0.0},""page_envelope"":{""decision"":""multi-component-spread-envelope"",""joined_component_count"":2,""joined_components"":[{""area_fraction_of_primary"":0.994091415699617,""height_ratio"":0.9965714285714286,""horizontal_center_separation_fraction"":0.3920807453416149,""span_gain"":2.003992015968064,""vertical_overlap"":1.0}],""qualifying_component_count"":2,""selected_component_area"":869386.0,""selected_confidence"":0.99},""parameters"":{""minimum_component_area_fraction"":0.0,""minimum_confidence"":0.0,""minimum_page_area_fraction"":0.08,""page_padding_fraction"":0.0},""raw_polygon_count"":2,""selected_area_fraction"":0.6852681527256677,""selected_confidence"":0.99,""upstream_license"":""BSD-3-Clause"",""upstream_repository"":""https://github.com/johnlockejrr/doc-ufcn""},""foundation"":null,""method"":""doc_ufcn_page_mask"",""origin"":"""",""repository"":"""",""score"":0.9924999999999999,""status"":""ok"",""version"":""""},""edge_error_maximum_px"":9,""edge_error_mean_px"":7.5,""edge_errors"":{""bottom"":7,""left"":6,""maximum"":9,""mean"":7.5,""right"":8,""top"":9},""elapsed_ms"":177.299,""global_ordinal"":9,""iou"":0.96850397,""label"":""clean_two_page_spread"",""layout_type"":""two_page_spread"",""predicted_bbox"":[90,60,1093,934],""status"":""ok""}"
run-20260902-211535,45a72b95bd15,45a72b95bd15c30c8fa2821f62f4e7dc95795251718c4d54e85dc44e85e6d027,1,45a72b95bd15,37772d5230f8cace82d5a085c73177d0c4c1686bfa13fb5c251daa41193a0e25,1,85fa16f9a9085f2d9f1abcf26ea66ce563a0fe1e6fa70cbb849de75d9be25105,0,,3,2,1,1,[],{},4,1.411601195000003,0.4,10,clean_two_page_spread_2,two_page_spread,ok,0.97989184,3,3,6,8,5.0,8,162.489,"[88, 33, 1154, 968]","[91, 36, 1148, 960]","{""minimum_component_area_fraction"":0.0,""minimum_confidence"":0.0,""minimum_page_area_fraction"":0.08,""page_padding_fraction"":0.0}",,,"{""legacy_parameter_set_id"":""45a72b95bd15"",""parameter_grid_ordinal"":0,""parameter_grid_sha256"":""85fa16f9a9085f2d9f1abcf26ea66ce563a0fe1e6fa70cbb849de75d9be25105"",""parameter_identity_schema_version"":""1"",""parameter_identity_sha256"":""37772d5230f8cace82d5a085c73177d0c4c1686bfa13fb5c251daa41193a0e25"",""parameter_schema_version"":""1"",""parameter_set_equivalence_family_id"":""45a72b95bd15"",""parameter_set_equivalence_family_sha256"":""45a72b95bd15c30c8fa2821f62f4e7dc95795251718c4d54e85dc44e85e6d027"",""parameter_set_equivalence_family_size"":1,""parameter_set_id"":""45a72b95bd15"",""parameters"":{""minimum_component_area_fraction"":0.0,""minimum_confidence"":0.0,""minimum_page_area_fraction"":0.08,""page_padding_fraction"":0.0},""profile"":null,""rank"":3,""reference_roles"":[],""requested_search_member"":true,""run_id"":""run-20260902-211535"",""search_observation"":{""completion_index"":4,""elapsed_seconds"":1.411601195000003,""parameter_set_number"":4,""search_fraction"":0.4},""search_rank"":2,""search_space_member"":true,""summary"":{""elapsed_ms_total"":923.257,""failure_count"":0,""mean_edge_error_px"":9.0,""mean_iou"":0.96560023,""mean_iou_success"":0.96560023,""minimum_iou"":0.91808322,""page_count"":5,""stddev_iou"":0.02488561,""success_count"":5,""wall_ms"":930.035}}","{""approved_bbox"":[88,33,1154,968],""candidate"":{""authors"":null,""bbox"":[91,36,1148,960],""confidence"":0.9924999999999999,""corners"":[[95.001220703125,959.8348999023438],[91.6280517578125,40.66007995605469],[1144.0303955078125,36.79804992675781],[1147.403564453125,955.9728393554688]],""detector_name"":"""",""diagnostics"":{""doc_ufcn_version"":""0.2.0rc4"",""evidence"":""doc_ufcn_generic_page_polygon"",""inference_backend"":""doc-ufcn-pytorch"",""input_size"":768,""model_family"":""Doc-UFCN"",""model_id"":""doc-ufcn-generic-page"",""model_sha256"":""ab9036a138c9792d433edd02ac3c744745c0b06f01fc50e973c2b92d9e0dfd83"",""model_source"":""https://huggingface.co/Teklia/doc-ufcn-generic-page/resolve/main/model.pth?download=true"",""padding_arbitration"":{""baseline_boundary_support"":{""background_score"":27.312999725341797,""contrast_ratio"":0.053323599370050496,""edge_scores"":[3.2118,0.4265,2.4863,0.1746],""robust_score"":1.4564274549484253},""baseline_padding_fraction"":0.05,""decision"":""requested-padding"",""requested_boundary_support"":{""background_score"":27.312999725341797,""contrast_ratio"":3.827335121151172,""edge_scores"":[128.028,105.2613,102.6273,103.8107],""robust_score"":104.53600311279297},""requested_padding_fraction"":0.0},""page_envelope"":{""decision"":""single-component"",""joined_component_count"":0,""qualifying_component_count"":1,""selected_component_area"":944388.5,""selected_confidence"":0.99,""single_leaf_spread_completion"":{""attempted"":false,""decision"":""already-broad"",""leaf_height_fraction"":0.9272727272727272,""leaf_width_fraction"":0.832807570977918,""physical_margin_fractions"":{""bottom"":0.0333,""left"":0.0726,""right"":0.0946,""top"":0.0394}}},""parameters"":{""minimum_component_area_fraction"":0.0,""minimum_confidence"":0.0,""minimum_page_area_fraction"":0.08,""page_padding_fraction"":0.0},""raw_polygon_count"":1,""selected_area_fraction"":0.7523089730108657,""selected_confidence"":0.99,""upstream_license"":""BSD-3-Clause"",""upstream_repository"":""https://github.com/johnlockejrr/doc-ufcn""},""foundation"":null,""method"":""doc_ufcn_page_mask"",""origin"":"""",""repository"":"""",""score"":0.9924999999999999,""status"":""ok"",""version"":""""},""edge_error_maximum_px"":8,""edge_error_mean_px"":5.0,""edge_errors"":{""bottom"":8,""left"":3,""maximum"":8,""mean"":5.0,""right"":6,""top"":3},""elapsed_ms"":162.489,""global_ordinal"":10,""iou"":0.97989184,""label"":""clean_two_page_spread_2"",""layout_type"":""two_page_spread"",""predicted_bbox"":[91,36,1148,960],""status"":""ok""}"
run-20260902-211535,cb7b5ba5905b,cb7b5ba5905b68deb7ef1654cd1fdf98da2052ee57c3091742a7cf8e46d4936b,1,cb7b5ba5905b,b73f033307d4376207463caf5901352649b35861d6bc4c848c5cfae9428053b7,1,85fa16f9a9085f2d9f1abcf26ea66ce563a0fe1e6fa70cbb849de75d9be25105,2,,4,3,1,1,[],{},5,2.3036038609999423,0.5,1,ordinary_two_page_spread,two_page_spread,ok,0.94514204,27,11,18,6,15.5,27,178.964,"[125, 56, 1289, 967]","[98, 45, 1307, 973]","{""minimum_component_area_fraction"":0.0,""minimum_confidence"":0.0,""minimum_page_area_fraction"":0.08,""page_padding_fraction"":0.02}",,,"{""legacy_parameter_set_id"":""cb7b5ba5905b"",""parameter_grid_ordinal"":2,""parameter_grid_sha256"":""85fa16f9a9085f2d9f1abcf26ea66ce563a0fe1e6fa70cbb849de75d9be25105"",""parameter_identity_schema_version"":""1"",""parameter_identity_sha256"":""b73f033307d4376207463caf5901352649b35861d6bc4c848c5cfae9428053b7"",""parameter_schema_version"":""1"",""parameter_set_equivalence_family_id"":""cb7b5ba5905b"",""parameter_set_equivalence_family_sha256"":""cb7b5ba5905b68deb7ef1654cd1fdf98da2052ee57c3091742a7cf8e46d4936b"",""parameter_set_equivalence_family_size"":1,""parameter_set_id"":""cb7b5ba5905b"",""parameters"":{""minimum_component_area_fraction"":0.0,""minimum_confidence"":0.0,""minimum_page_area_fraction"":0.08,""page_padding_fraction"":0.02},""profile"":null,""rank"":4,""reference_roles"":[],""requested_search_member"":true,""run_id"":""run-20260902-211535"",""search_observation"":{""completion_index"":5,""elapsed_seconds"":2.3036038609999423,""parameter_set_number"":5,""search_fraction"":0.5},""search_rank"":3,""search_space_member"":true,""summary"":{""elapsed_ms_total"":1030.928,""failure_count"":0,""mean_edge_error_px"":13.75,""mean_iou"":0.94850738,""mean_iou_success"":0.94850738,""minimum_iou"":0.94233458,""page_count"":5,""stddev_iou"":0.00639286,""success_count"":5,""wall_ms"":1037.65}}","{""approved_bbox"":[125,56,1289,967],""candidate"":{""authors"":null,""bbox"":[98,45,1307,973],""confidence"":0.9924999999999999,""corners"":[[1306.2197265625,972.83984375],[98.780029296875,972.83984375],[98.780029296875,45.1600341796875],[1306.2197265625,45.1600341796875]],""detector_name"":"""",""diagnostics"":{""doc_ufcn_version"":""0.2.0rc4"",""evidence"":""doc_ufcn_generic_page_polygon"",""inference_backend"":""doc-ufcn-pytorch"",""input_size"":768,""model_family"":""Doc-UFCN"",""model_id"":""doc-ufcn-generic-page"",""model_sha256"":""ab9036a138c9792d433edd02ac3c744745c0b06f01fc50e973c2b92d9e0dfd83"",""model_source"":""https://huggingface.co/Teklia/doc-ufcn-generic-page/resolve/main/model.pth?download=true"",""padding_arbitration"":{""baseline_boundary_support"":{""background_score"":37.202152252197266,""contrast_ratio"":0.367002262845942,""edge_scores"":[13.7315,54.4253,2.4943,13.575],""robust_score"":13.653274059295654},""baseline_padding_fraction"":0.05,""decision"":""requested-padding"",""requested_boundary_support"":{""background_score"":37.202152252197266,""contrast_ratio"":0.024386152377213588,""edge_scores"":[0.8088,143.7205,0.0089,1.0057],""robust_score"":0.9072173535823822},""requested_padding_fraction"":0.02},""page_envelope"":{""decision"":""multi-component-spread-envelope"",""joined_component_count"":2,""joined_components"":[{""area_fraction_of_primary"":0.9887496048885811,""height_ratio"":1.0,""horizontal_center_separation_fraction"":0.4240231548480463,""span_gain"":2.0138648180242633,""vertical_overlap"":1.0}],""qualifying_component_count"":2,""selected_component_area"":1026928.5,""selected_confidence"":0.99},""parameters"":{""minimum_component_area_fraction"":0.0,""minimum_confidence"":0.0,""minimum_page_area_fraction"":0.08,""page_padding_fraction"":0.02},""raw_polygon_count"":2,""selected_area_fraction"":0.7536249167065399,""selected_confidence"":0.99,""upstream_license"":""BSD-3-Clause"",""upstream_repository"":""https://github.com/johnlockejrr/doc-ufcn""},""foundation"":null,""method"":""doc_ufcn_page_mask"",""origin"":"""",""repository"":"""",""score"":0.9924999999999999,""status"":""ok"",""version"":""""},""edge_error_maximum_px"":27,""edge_error_mean_px"":15.5,""edge_errors"":{""bottom"":6,""left"":27,""maximum"":27,""mean"":15.5,""right"":18,""top"":11},""elapsed_ms"":178.964,""global_ordinal"":1,""iou"":0.94514204,""label"":""ordinary_two_page_spread"",""layout_type"":""two_page_spread"",""predicted_bbox"":[98,45,1307,973],""status"":""ok""}"
run-20260902-211535,cb7b5ba5905b,cb7b5ba5905b68deb7ef1654cd1fdf98da2052ee57c3091742a7cf8e46d4936b,1,cb7b5ba5905b,b73f033307d4376207463caf5901352649b35861d6bc4c848c5cfae9428053b7,1,85fa16f9a9085f2d9f1abcf26ea66ce563a0fe1e6fa70cbb849de75d9be25105,2,,4,3,1,1,[],{},5,2.3036038609999423,0.5,5,damaged_partial_register_spread,two_page_spread,ok,0.95951373,29,7,6,4,11.5,29,345.709,"[67, 8, 1233, 977]","[96, 1, 1239, 981]","{""minimum_component_area_fraction"":0.0,""minimum_confidence"":0.0,""minimum_page_area_fraction"":0.08,""page_padding_fraction"":0.02}",,,"{""legacy_parameter_set_id"":""cb7b5ba5905b"",""parameter_grid_ordinal"":2,""parameter_grid_sha256"":""85fa16f9a9085f2d9f1abcf26ea66ce563a0fe1e6fa70cbb849de75d9be25105"",""parameter_identity_schema_version"":""1"",""parameter_identity_sha256"":""b73f033307d4376207463caf5901352649b35861d6bc4c848c5cfae9428053b7"",""parameter_schema_version"":""1"",""parameter_set_equivalence_family_id"":""cb7b5ba5905b"",""parameter_set_equivalence_family_sha256"":""cb7b5ba5905b68deb7ef1654cd1fdf98da2052ee57c3091742a7cf8e46d4936b"",""parameter_set_equivalence_family_size"":1,""parameter_set_id"":""cb7b5ba5905b"",""parameters"":{""minimum_component_area_fraction"":0.0,""minimum_confidence"":0.0,""minimum_page_area_fraction"":0.08,""page_padding_fraction"":0.02},""profile"":null,""rank"":4,""reference_roles"":[],""requested_search_member"":true,""run_id"":""run-20260902-211535"",""search_observation"":{""completion_index"":5,""elapsed_seconds"":2.3036038609999423,""parameter_set_number"":5,""search_fraction"":0.5},""search_rank"":3,""search_space_member"":true,""summary"":{""elapsed_ms_total"":1030.928,""failure_count"":0,""mean_edge_error_px"":13.75,""mean_iou"":0.94850738,""mean_iou_success"":0.94850738,""minimum_iou"":0.94233458,""page_count"":5,""stddev_iou"":0.00639286,""success_count"":5,""wall_ms"":1037.65}}","{""approved_bbox"":[67,8,1233,977],""candidate"":{""authors"":null,""bbox"":[96,1,1239,981],""confidence"":0.9924999999999999,""corners"":[[1238.97998046875,980.8399658203125],[96.02001953125,980.8399658203125],[96.02001953125,1.160003662109375],[1238.97998046875,1.160003662109375]],""detector_name"":"""",""diagnostics"":{""doc_ufcn_version"":""0.2.0rc4"",""evidence"":""doc_ufcn_generic_page_polygon"",""inference_backend"":""doc-ufcn-pytorch"",""input_size"":768,""model_family"":""Doc-UFCN"",""model_id"":""doc-ufcn-generic-page"",""model_sha256"":""ab9036a138c9792d433edd02ac3c744745c0b06f01fc50e973c2b92d9e0dfd83"",""model_source"":""https://huggingface.co/Teklia/doc-ufcn-generic-page/resolve/main/model.pth?download=true"",""padding_arbitration"":{""baseline_boundary_support"":{""background_score"":39.11521530151367,""contrast_ratio"":0.1896691308379834,""edge_scores"":[11.5243,29.5731,0.1692,3.3136],""robust_score"":7.4189488887786865},""baseline_padding_fraction"":0.05,""decision"":""requested-padding"",""requested_boundary_support"":{""background_score"":39.11521530151367,""contrast_ratio"":0.03292618721497815,""edge_scores"":[0.8946,157.9879,0.2012,1.6812],""robust_score"":1.287914901971817},""requested_padding_fraction"":0.02},""page_envelope"":{""decision"":""image-supported-single-leaf-spread-completion"",""joined_component_count"":0,""qualifying_component_count"":12,""selected_component_area"":1023477.5,""selected_confidence"":0.99,""single_leaf_spread_completion"":{""attempted"":true,""boundary_background"":23.0,""boundary_contrast_ratio"":1.8696,""boundary_mad"":6.5,""boundary_score"":43.0,""boundary_selection"":""outer-background-transition"",""boundary_threshold"":42.5,""boundary_x"":1217.0,""completed_area"":1023477.5,""completed_bounds"":[118.0,20.0,1217.0,962.0],""decision"":""image-supported-single-leaf-spread-completion"",""leaf_height_fraction"":0.9544072948328267,""leaf_width_fraction"":0.4787234042553192,""missing_side"":""right"",""outer_background_boundary"":{""accepted"":true,""background"":0.0,""background_mad"":0.0,""boundary_x"":1217.0,""candidate_count"":7,""contrast"":11.5,""inside_level"":11.5,""outside_level"":0.0,""reason"":""sustained-outer-background-transition""},""outer_boundary"":true,""physical_margin_fractions"":{""bottom"":0.0253,""left"":0.0897,""right"":0.4316,""top"":0.0203},""robust_boundary_candidates"":5,""span_gain"":1.7444}},""parameters"":{""minimum_component_area_fraction"":0.0,""minimum_confidence"":0.0,""minimum_page_area_fraction"":0.08,""page_padding_fraction"":0.02},""raw_polygon_count"":12,""selected_area_fraction"":0.7879619706642277,""selected_confidence"":0.99,""upstream_license"":""BSD-3-Clause"",""upstream_repository"":""https://github.com/johnlockejrr/doc-ufcn""},""foundation"":null,""method"":""doc_ufcn_page_mask"",""origin"":"""",""repository"":"""",""score"":0.9924999999999999,""status"":""ok"",""version"":""""},""edge_error_maximum_px"":29,""edge_error_mean_px"":11.5,""edge_errors"":{""bottom"":4,""left"":29,""maximum"":29,""mean"":11.5,""right"":6,""top"":7},""elapsed_ms"":345.709,""global_ordinal"":5,""iou"":0.95951373,""label"":""damaged_partial_register_spread"",""layout_type"":""two_page_spread"",""predicted_bbox"":[96,1,1239,981],""status"":""ok""}"
run-20260902-211535,cb7b5ba5905b,cb7b5ba5905b68deb7ef1654cd1fdf98da2052ee57c3091742a7cf8e46d4936b,1,cb7b5ba5905b,b73f033307d4376207463caf5901352649b35861d6bc4c848c5cfae9428053b7,1,85fa16f9a9085f2d9f1abcf26ea66ce563a0fe1e6fa70cbb849de75d9be25105,2,,4,3,1,1,[],{},5,2.3036038609999423,0.5,6,title_or_index_sheet,single_page,ok,0.94233458,15,18,14,13,15.0,18,162.924,"[15, 28, 1074, 970]","[0, 10, 1088, 983]","{""minimum_component_area_fraction"":0.0,""minimum_confidence"":0.0,""minimum_page_area_fraction"":0.08,""page_padding_fraction"":0.02}",,,"{""legacy_parameter_set_id"":""cb7b5ba5905b"",""parameter_grid_ordinal"":2,""parameter_grid_sha256"":""85fa16f9a9085f2d9f1abcf26ea66ce563a0fe1e6fa70cbb849de75d9be25105"",""parameter_identity_schema_version"":""1"",""parameter_identity_sha256"":""b73f033307d4376207463caf5901352649b35861d6bc4c848c5cfae9428053b7"",""parameter_schema_version"":""1"",""parameter_set_equivalence_family_id"":""cb7b5ba5905b"",""parameter_set_equivalence_family_sha256"":""cb7b5ba5905b68deb7ef1654cd1fdf98da2052ee57c3091742a7cf8e46d4936b"",""parameter_set_equivalence_family_size"":1,""parameter_set_id"":""cb7b5ba5905b"",""parameters"":{""minimum_component_area_fraction"":0.0,""minimum_confidence"":0.0,""minimum_page_area_fraction"":0.08,""page_padding_fraction"":0.02},""profile"":null,""rank"":4,""reference_roles"":[],""requested_search_member"":true,""run_id"":""run-20260902-211535"",""search_observation"":{""completion_index"":5,""elapsed_seconds"":2.3036038609999423,""parameter_set_number"":5,""search_fraction"":0.5},""search_rank"":3,""search_space_member"":true,""summary"":{""elapsed_ms_total"":1030.928,""failure_count"":0,""mean_edge_error_px"":13.75,""mean_iou"":0.94850738,""mean_iou_success"":0.94850738,""minimum_iou"":0.94233458,""page_count"":5,""stddev_iou"":0.00639286,""success_count"":5,""wall_ms"":1037.65}}","{""approved_bbox"":[15,28,1074,970],""candidate"":{""authors"":null,""bbox"":[0,10,1088,983],""confidence"":0.9775,""corners"":[[1087.0,982.0],[0.0,982.0],[0.0,10.300018310546875],[1087.0,10.300018310546875]],""detector_name"":"""",""diagnostics"":{""doc_ufcn_version"":""0.2.0rc4"",""evidence"":""doc_ufcn_generic_page_polygon"",""inference_backend"":""doc-ufcn-pytorch"",""input_size"":768,""model_family"":""Doc-UFCN"",""model_id"":""doc-ufcn-generic-page"",""model_sha256"":""ab9036a138c9792d433edd02ac3c744745c0b06f01fc50e973c2b92d9e0dfd83"",""model_source"":""https://huggingface.co/Teklia/doc-ufcn-generic-page/resolve/main/model.pth?download=true"",""padding_arbitration"":{""baseline_boundary_support"":{""background_score"":12.0,""contrast_ratio"":0.0,""edge_scores"":[0.0,0.4139,0.0,0.0],""robust_score"":0.0},""baseline_padding_fraction"":0.05,""decision"":""requested-padding"",""requested_boundary_support"":{""background_score"":12.0,""contrast_ratio"":0.017400015145540237,""edge_scores"":[0.0,0.4176,0.8983,0.0],""robust_score"":0.20880018174648285},""requested_padding_fraction"":0.02},""page_envelope"":{""decision"":""single-component"",""joined_component_count"":0,""qualifying_component_count"":1,""selected_component_area"":975839.5,""selected_confidence"":0.97,""single_leaf_spread_completion"":{""attempted"":false,""decision"":""already-broad"",""leaf_height_fraction"":0.9521871820956256,""leaf_width_fraction"":0.9696691176470589,""physical_margin_fractions"":{""bottom"":0.0183,""left"":0.0138,""right"":0.0165,""top"":0.0295}}},""parameters"":{""minimum_component_area_fraction"":0.0,""minimum_confidence"":0.0,""minimum_page_area_fraction"":0.08,""page_padding_fraction"":0.02},""raw_polygon_count"":1,""selected_area_fraction"":0.9124224874334271,""selected_confidence"":0.97,""upstream_license"":""BSD-3-Clause"",""upstream_repository"":""https://github.com/johnlockejrr/doc-ufcn""},""foundation"":null,""method"":""doc_ufcn_page_mask"",""origin"":"""",""repository"":"""",""score"":0.9775,""status"":""ok"",""version"":""""},""edge_error_maximum_px"":18,""edge_error_mean_px"":15.0,""edge_errors"":{""bottom"":13,""left"":15,""maximum"":18,""mean"":15.0,""right"":14,""top"":18},""elapsed_ms"":162.924,""global_ordinal"":6,""iou"":0.94233458,""label"":""title_or_index_sheet"",""layout_type"":""single_page"",""predicted_bbox"":[0,10,1088,983],""status"":""ok""}"
run-20260902-211535,cb7b5ba5905b,cb7b5ba5905b68deb7ef1654cd1fdf98da2052ee57c3091742a7cf8e46d4936b,1,cb7b5ba5905b,b73f033307d4376207463caf5901352649b35861d6bc4c848c5cfae9428053b7,1,85fa16f9a9085f2d9f1abcf26ea66ce563a0fe1e6fa70cbb849de75d9be25105,2,,4,3,1,1,[],{},5,2.3036038609999423,0.5,9,clean_two_page_spread,two_page_spread,ok,0.9518166,15,9,13,11,12.0,15,183.847,"[84, 51, 1101, 941]","[69, 42, 1114, 952]","{""minimum_component_area_fraction"":0.0,""minimum_confidence"":0.0,""minimum_page_area_fraction"":0.08,""page_padding_fraction"":0.02}",,,"{""legacy_parameter_set_id"":""cb7b5ba5905b"",""parameter_grid_ordinal"":2,""parameter_grid_sha256"":""85fa16f9a9085f2d9f1abcf26ea66ce563a0fe1e6fa70cbb849de75d9be25105"",""parameter_identity_schema_version"":""1"",""parameter_identity_sha256"":""b73f033307d4376207463caf5901352649b35861d6bc4c848c5cfae9428053b7"",""parameter_schema_version"":""1"",""parameter_set_equivalence_family_id"":""cb7b5ba5905b"",""parameter_set_equivalence_family_sha256"":""cb7b5ba5905b68deb7ef1654cd1fdf98da2052ee57c3091742a7cf8e46d4936b"",""parameter_set_equivalence_family_size"":1,""parameter_set_id"":""cb7b5ba5905b"",""parameters"":{""minimum_component_area_fraction"":0.0,""minimum_confidence"":0.0,""minimum_page_area_fraction"":0.08,""page_padding_fraction"":0.02},""profile"":null,""rank"":4,""reference_roles"":[],""requested_search_member"":true,""run_id"":""run-20260902-211535"",""search_observation"":{""completion_index"":5,""elapsed_seconds"":2.3036038609999423,""parameter_set_number"":5,""search_fraction"":0.5},""search_rank"":3,""search_space_member"":true,""summary"":{""elapsed_ms_total"":1030.928,""failure_count"":0,""mean_edge_error_px"":13.75,""mean_iou"":0.94850738,""mean_iou_success"":0.94850738,""minimum_iou"":0.94233458,""page_count"":5,""stddev_iou"":0.00639286,""success_count"":5,""wall_ms"":1037.65}}","{""approved_bbox"":[84,51,1101,941],""candidate"":{""authors"":null,""bbox"":[69,42,1114,952],""confidence"":0.9924999999999999,""corners"":[[1113.059814453125,951.4798583984375],[69.94000244140625,951.4798583984375],[69.94000244140625,42.52001953125],[1113.059814453125,42.52001953125]],""detector_name"":"""",""diagnostics"":{""doc_ufcn_version"":""0.2.0rc4"",""evidence"":""doc_ufcn_generic_page_polygon"",""inference_backend"":""doc-ufcn-pytorch"",""input_size"":768,""model_family"":""Doc-UFCN"",""model_id"":""doc-ufcn-generic-page"",""model_sha256"":""ab9036a138c9792d433edd02ac3c744745c0b06f01fc50e973c2b92d9e0dfd83"",""model_source"":""https://huggingface.co/Teklia/doc-ufcn-generic-page/resolve/main/model.pth?download=true"",""padding_arbitration"":{""baseline_boundary_support"":{""background_score"":23.409399032592773,""contrast_ratio"":0.08973955663659074,""edge_scores"":[0.1349,4.0482,0.1533,5.28],""robust_score"":2.1007490903139114},""baseline_padding_fraction"":0.05,""decision"":""requested-padding"",""requested_boundary_support"":{""background_score"":23.409399032592773,""contrast_ratio"":0.978223391946089,""edge_scores"":[7.9484,37.8508,1.1818,104.0501],""robust_score"":22.899621725082397},""requested_padding_fraction"":0.02},""page_envelope"":{""decision"":""multi-component-spread-envelope"",""joined_component_count"":2,""joined_components"":[{""area_fraction_of_primary"":0.994091415699617,""height_ratio"":0.9965714285714286,""horizontal_center_separation_fraction"":0.3920807453416149,""span_gain"":2.003992015968064,""vertical_overlap"":1.0}],""qualifying_component_count"":2,""selected_component_area"":869386.0,""selected_confidence"":0.99},""parameters"":{""minimum_component_area_fraction"":0.0,""minimum_confidence"":0.0,""minimum_page_area_fraction"":0.08,""page_padding_fraction"":0.02},""raw_polygon_count"":2,""selected_area_fraction"":0.6852681527256677,""selected_confidence"":0.99,""upstream_license"":""BSD-3-Clause"",""upstream_repository"":""https://github.com/johnlockejrr/doc-ufcn""},""foundation"":null,""method"":""doc_ufcn_page_mask"",""origin"":"""",""repository"":"""",""score"":0.9924999999999999,""status"":""ok"",""version"":""""},""edge_error_maximum_px"":15,""edge_error_mean_px"":12.0,""edge_errors"":{""bottom"":11,""left"":15,""maximum"":15,""mean"":12.0,""right"":13,""top"":9},""elapsed_ms"":183.847,""global_ordinal"":9,""iou"":0.9518166,""label"":""clean_two_page_spread"",""layout_type"":""two_page_spread"",""predicted_bbox"":[69,42,1114,952],""status"":""ok""}"
run-20260902-211535,cb7b5ba5905b,cb7b5ba5905b68deb7ef1654cd1fdf98da2052ee57c3091742a7cf8e46d4936b,1,cb7b5ba5905b,b73f033307d4376207463caf5901352649b35861d6bc4c848c5cfae9428053b7,1,85fa16f9a9085f2d9f1abcf26ea66ce563a0fe1e6fa70cbb849de75d9be25105,2,,4,3,1,1,[],{},5,2.3036038609999423,0.5,10,clean_two_page_spread_2,two_page_spread,ok,0.94372994,18,15,15,11,14.75,18,159.484,"[88, 33, 1154, 968]","[70, 18, 1169, 979]","{""minimum_component_area_fraction"":0.0,""minimum_confidence"":0.0,""minimum_page_area_fraction"":0.08,""page_padding_fraction"":0.02}",,,"{""legacy_parameter_set_id"":""cb7b5ba5905b"",""parameter_grid_ordinal"":2,""parameter_grid_sha256"":""85fa16f9a9085f2d9f1abcf26ea66ce563a0fe1e6fa70cbb849de75d9be25105"",""parameter_identity_schema_version"":""1"",""parameter_identity_sha256"":""b73f033307d4376207463caf5901352649b35861d6bc4c848c5cfae9428053b7"",""parameter_schema_version"":""1"",""parameter_set_equivalence_family_id"":""cb7b5ba5905b"",""parameter_set_equivalence_family_sha256"":""cb7b5ba5905b68deb7ef1654cd1fdf98da2052ee57c3091742a7cf8e46d4936b"",""parameter_set_equivalence_family_size"":1,""parameter_set_id"":""cb7b5ba5905b"",""parameters"":{""minimum_component_area_fraction"":0.0,""minimum_confidence"":0.0,""minimum_page_area_fraction"":0.08,""page_padding_fraction"":0.02},""profile"":null,""rank"":4,""reference_roles"":[],""requested_search_member"":true,""run_id"":""run-20260902-211535"",""search_observation"":{""completion_index"":5,""elapsed_seconds"":2.3036038609999423,""parameter_set_number"":5,""search_fraction"":0.5},""search_rank"":3,""search_space_member"":true,""summary"":{""elapsed_ms_total"":1030.928,""failure_count"":0,""mean_edge_error_px"":13.75,""mean_iou"":0.94850738,""mean_iou_success"":0.94850738,""minimum_iou"":0.94233458,""page_count"":5,""stddev_iou"":0.00639286,""success_count"":5,""wall_ms"":1037.65}}","{""approved_bbox"":[88,33,1154,968],""candidate"":{""authors"":null,""bbox"":[70,18,1169,979],""confidence"":0.9924999999999999,""corners"":[[74.0206298828125,978.295654296875],[70.5125732421875,22.353851318359375],[1165.010986328125,18.337310791015625],[1168.51904296875,974.279052734375]],""detector_name"":"""",""diagnostics"":{""doc_ufcn_version"":""0.2.0rc4"",""evidence"":""doc_ufcn_generic_page_polygon"",""inference_backend"":""doc-ufcn-pytorch"",""input_size"":768,""model_family"":""Doc-UFCN"",""model_id"":""doc-ufcn-generic-page"",""model_sha256"":""ab9036a138c9792d433edd02ac3c744745c0b06f01fc50e973c2b92d9e0dfd83"",""model_source"":""https://huggingface.co/Teklia/doc-ufcn-generic-page/resolve/main/model.pth?download=true"",""padding_arbitration"":{""baseline_boundary_support"":{""background_score"":27.312999725341797,""contrast_ratio"":0.053323603734612826,""edge_scores"":[3.2118,0.4265,2.4863,0.1746],""robust_score"":1.4564275741577148},""baseline_padding_fraction"":0.05,""decision"":""requested-padding"",""requested_boundary_support"":{""background_score"":27.312999725341797,""contrast_ratio"":0.8992110477477532,""edge_scores"":[43.2258,2.3022,118.1069,5.8945],""robust_score"":24.56015110015869},""requested_padding_fraction"":0.02},""page_envelope"":{""decision"":""single-component"",""joined_component_count"":0,""qualifying_component_count"":1,""selected_component_area"":944388.5,""selected_confidence"":0.99,""single_leaf_spread_completion"":{""attempted"":false,""decision"":""already-broad"",""leaf_height_fraction"":0.9272727272727272,""leaf_width_fraction"":0.832807570977918,""physical_margin_fractions"":{""bottom"":0.0333,""left"":0.0726,""right"":0.0946,""top"":0.0394}}},""parameters"":{""minimum_component_area_fraction"":0.0,""minimum_confidence"":0.0,""minimum_page_area_fraction"":0.08,""page_padding_fraction"":0.02},""raw_polygon_count"":1,""selected_area_fraction"":0.7523089730108657,""selected_confidence"":0.99,""upstream_license"":""BSD-3-Clause"",""upstream_repository"":""https://github.com/johnlockejrr/doc-ufcn""},""foundation"":null,""method"":""doc_ufcn_page_mask"",""origin"":"""",""repository"":"""",""score"":0.9924999999999999,""status"":""ok"",""version"":""""},""edge_error_maximum_px"":18,""edge_error_mean_px"":14.75,""edge_errors"":{""bottom"":11,""left"":18,""maximum"":18,""mean"":14.75,""right"":15,""top"":15},""elapsed_ms"":159.484,""global_ordinal"":10,""iou"":0.94372994,""label"":""clean_two_page_spread_2"",""layout_type"":""two_page_spread"",""predicted_bbox"":[70,18,1169,979],""status"":""ok""}"
run-20260902-211535,2c66b3ee474f,2c66b3ee474fbf70484e5eba464f2d8136624b1ae9c4b80faf265ce29f08374b,1,2c66b3ee474f,5ae2b81370b5baf8b4a58979b13c7372b0cefa0aa8df99871f740aa94e40b447,1,85fa16f9a9085f2d9f1abcf26ea66ce563a0fe1e6fa70cbb849de75d9be25105,3,,5,4,1,1,[],{},6,2.381692150000049,0.6,1,ordinary_two_page_spread,two_page_spread,ok,0.91058851,38,20,29,15,25.5,38,179.772,"[125, 56, 1289, 967]","[87, 36, 1318, 982]","{""minimum_component_area_fraction"":0.0,""minimum_confidence"":0.0,""minimum_page_area_fraction"":0.08,""page_padding_fraction"":0.03}",,,"{""legacy_parameter_set_id"":""2c66b3ee474f"",""parameter_grid_ordinal"":3,""parameter_grid_sha256"":""85fa16f9a9085f2d9f1abcf26ea66ce563a0fe1e6fa70cbb849de75d9be25105"",""parameter_identity_schema_version"":""1"",""parameter_identity_sha256"":""5ae2b81370b5baf8b4a58979b13c7372b0cefa0aa8df99871f740aa94e40b447"",""parameter_schema_version"":""1"",""parameter_set_equivalence_family_id"":""2c66b3ee474f"",""parameter_set_equivalence_family_sha256"":""2c66b3ee474fbf70484e5eba464f2d8136624b1ae9c4b80faf265ce29f08374b"",""parameter_set_equivalence_family_size"":1,""parameter_set_id"":""2c66b3ee474f"",""parameters"":{""minimum_component_area_fraction"":0.0,""minimum_confidence"":0.0,""minimum_page_area_fraction"":0.08,""page_padding_fraction"":0.03},""profile"":null,""rank"":5,""reference_roles"":[],""requested_search_member"":true,""run_id"":""run-20260902-211535"",""search_observation"":{""completion_index"":6,""elapsed_seconds"":2.381692150000049,""parameter_set_number"":6,""search_fraction"":0.6},""search_rank"":4,""search_space_member"":true,""summary"":{""elapsed_ms_total"":971.564,""failure_count"":0,""mean_edge_error_px"":20.5,""mean_iou"":0.92406854,""mean_iou_success"":0.92406854,""minimum_iou"":0.90819794,""page_count"":5,""stddev_iou"":0.01680945,""success_count"":5,""wall_ms"":972.374}}","{""approved_bbox"":[125,56,1289,967],""candidate"":{""authors"":null,""bbox"":[87,36,1318,982],""confidence"":0.9924999999999999,""corners"":[[1317.8297119140625,981.7598876953125],[87.1700439453125,981.7598876953125],[87.1700439453125,36.240020751953125],[1317.8297119140625,36.240020751953125]],""detector_name"":"""",""diagnostics"":{""doc_ufcn_version"":""0.2.0rc4"",""evidence"":""doc_ufcn_generic_page_polygon"",""inference_backend"":""doc-ufcn-pytorch"",""input_size"":768,""model_family"":""Doc-UFCN"",""model_id"":""doc-ufcn-generic-page"",""model_sha256"":""ab9036a138c9792d433edd02ac3c744745c0b06f01fc50e973c2b92d9e0dfd83"",""model_source"":""https://huggingface.co/Teklia/doc-ufcn-generic-page/resolve/main/model.pth?download=true"",""padding_arbitration"":{""baseline_boundary_support"":{""background_score"":37.202152252197266,""contrast_ratio"":0.367002262845942,""edge_scores"":[13.7315,54.4253,2.4943,13.575],""robust_score"":13.653274059295654},""baseline_padding_fraction"":0.05,""decision"":""requested-padding"",""requested_boundary_support"":{""background_score"":37.202152252197266,""contrast_ratio"":0.11695556562894105,""edge_scores"":[6.4964,169.9989,0.4502,2.2056],""robust_score"":4.350998759269714},""requested_padding_fraction"":0.03},""page_envelope"":{""decision"":""multi-component-spread-envelope"",""joined_component_count"":2,""joined_components"":[{""area_fraction_of_primary"":0.9887496048885811,""height_ratio"":1.0,""horizontal_center_separation_fraction"":0.4240231548480463,""span_gain"":2.0138648180242633,""vertical_overlap"":1.0}],""qualifying_component_count"":2,""selected_component_area"":1026928.5,""selected_confidence"":0.99},""parameters"":{""minimum_component_area_fraction"":0.0,""minimum_confidence"":0.0,""minimum_page_area_fraction"":0.08,""page_padding_fraction"":0.03},""raw_polygon_count"":2,""selected_area_fraction"":0.7536249167065399,""selected_confidence"":0.99,""upstream_license"":""BSD-3-Clause"",""upstream_repository"":""https://github.com/johnlockejrr/doc-ufcn""},""foundation"":null,""method"":""doc_ufcn_page_mask"",""origin"":"""",""repository"":"""",""score"":0.9924999999999999,""status"":""ok"",""version"":""""},""edge_error_maximum_px"":38,""edge_error_mean_px"":25.5,""edge_errors"":{""bottom"":15,""left"":38,""maximum"":38,""mean"":25.5,""right"":29,""top"":20},""elapsed_ms"":179.772,""global_ordinal"":1,""iou"":0.91058851,""label"":""ordinary_two_page_spread"",""layout_type"":""two_page_spread"",""predicted_bbox"":[87,36,1318,982],""status"":""ok""}"
run-20260902-211535,2c66b3ee474f,2c66b3ee474fbf70484e5eba464f2d8136624b1ae9c4b80faf265ce29f08374b,1,2c66b3ee474f,5ae2b81370b5baf8b4a58979b13c7372b0cefa0aa8df99871f740aa94e40b447,1,85fa16f9a9085f2d9f1abcf26ea66ce563a0fe1e6fa70cbb849de75d9be25105,3,,5,4,1,1,[],{},6,2.381692150000049,0.6,5,damaged_partial_register_spread,two_page_spread,ok,0.95298112,18,8,17,10,13.25,18,317.351,"[67, 8, 1233, 977]","[85, 0, 1250, 987]","{""minimum_component_area_fraction"":0.0,""minimum_confidence"":0.0,""minimum_page_area_fraction"":0.08,""page_padding_fraction"":0.03}",,,"{""legacy_parameter_set_id"":""2c66b3ee474f"",""parameter_grid_ordinal"":3,""parameter_grid_sha256"":""85fa16f9a9085f2d9f1abcf26ea66ce563a0fe1e6fa70cbb849de75d9be25105"",""parameter_identity_schema_version"":""1"",""parameter_identity_sha256"":""5ae2b81370b5baf8b4a58979b13c7372b0cefa0aa8df99871f740aa94e40b447"",""parameter_schema_version"":""1"",""parameter_set_equivalence_family_id"":""2c66b3ee474f"",""parameter_set_equivalence_family_sha256"":""2c66b3ee474fbf70484e5eba464f2d8136624b1ae9c4b80faf265ce29f08374b"",""parameter_set_equivalence_family_size"":1,""parameter_set_id"":""2c66b3ee474f"",""parameters"":{""minimum_component_area_fraction"":0.0,""minimum_confidence"":0.0,""minimum_page_area_fraction"":0.08,""page_padding_fraction"":0.03},""profile"":null,""rank"":5,""reference_roles"":[],""requested_search_member"":true,""run_id"":""run-20260902-211535"",""search_observation"":{""completion_index"":6,""elapsed_seconds"":2.381692150000049,""parameter_set_number"":6,""search_fraction"":0.6},""search_rank"":4,""search_space_member"":true,""summary"":{""elapsed_ms_total"":971.564,""failure_count"":0,""mean_edge_error_px"":20.5,""mean_iou"":0.92406854,""mean_iou_success"":0.92406854,""minimum_iou"":0.90819794,""page_count"":5,""stddev_iou"":0.01680945,""success_count"":5,""wall_ms"":972.374}}","{""approved_bbox"":[67,8,1233,977],""candidate"":{""authors"":null,""bbox"":[85,0,1250,987],""confidence"":0.9924999999999999,""corners"":[[1249.969970703125,986.0],[85.030029296875,986.0],[85.030029296875,0.0],[1249.969970703125,0.0]],""detector_name"":"""",""diagnostics"":{""doc_ufcn_version"":""0.2.0rc4"",""evidence"":""doc_ufcn_generic_page_polygon"",""inference_backend"":""doc-ufcn-pytorch"",""input_size"":768,""model_family"":""Doc-UFCN"",""model_id"":""doc-ufcn-generic-page"",""model_sha256"":""ab9036a138c9792d433edd02ac3c744745c0b06f01fc50e973c2b92d9e0dfd83"",""model_source"":""https://huggingface.co/Teklia/doc-ufcn-generic-page/resolve/main/model.pth?download=true"",""padding_arbitration"":{""baseline_boundary_support"":{""background_score"":39.11521530151367,""contrast_ratio"":0.1896691308379834,""edge_scores"":[11.5243,29.5731,0.1692,3.3136],""robust_score"":7.4189488887786865},""baseline_padding_fraction"":0.05,""decision"":""requested-padding"",""requested_boundary_support"":{""background_score"":39.11521530151367,""contrast_ratio"":0.08990467508983727,""edge_scores"":[5.6309,135.8695,0.1657,1.4024],""robust_score"":3.5166407227516174},""requested_padding_fraction"":0.03},""page_envelope"":{""decision"":""image-supported-single-leaf-spread-completion"",""joined_component_count"":0,""qualifying_component_count"":12,""selected_component_area"":1023477.5,""selected_confidence"":0.99,""single_leaf_spread_completion"":{""attempted"":true,""boundary_background"":23.0,""boundary_contrast_ratio"":1.8696,""boundary_mad"":6.5,""boundary_score"":43.0,""boundary_selection"":""outer-background-transition"",""boundary_threshold"":42.5,""boundary_x"":1217.0,""completed_area"":1023477.5,""completed_bounds"":[118.0,20.0,1217.0,962.0],""decision"":""image-supported-single-leaf-spread-completion"",""leaf_height_fraction"":0.9544072948328267,""leaf_width_fraction"":0.4787234042553192,""missing_side"":""right"",""outer_background_boundary"":{""accepted"":true,""background"":0.0,""background_mad"":0.0,""boundary_x"":1217.0,""candidate_count"":7,""contrast"":11.5,""inside_level"":11.5,""outside_level"":0.0,""reason"":""sustained-outer-background-transition""},""outer_boundary"":true,""physical_margin_fractions"":{""bottom"":0.0253,""left"":0.0897,""right"":0.4316,""top"":0.0203},""robust_boundary_candidates"":5,""span_gain"":1.7444}},""parameters"":{""minimum_component_area_fraction"":0.0,""minimum_confidence"":0.0,""minimum_page_area_fraction"":0.08,""page_padding_fraction"":0.03},""raw_polygon_count"":12,""selected_area_fraction"":0.7879619706642277,""selected_confidence"":0.99,""upstream_license"":""BSD-3-Clause"",""upstream_repository"":""https://github.com/johnlockejrr/doc-ufcn""},""foundation"":null,""method"":""doc_ufcn_page_mask"",""origin"":"""",""repository"":"""",""score"":0.9924999999999999,""status"":""ok"",""version"":""""},""edge_error_maximum_px"":18,""edge_error_mean_px"":13.25,""edge_errors"":{""bottom"":10,""left"":18,""maximum"":18,""mean"":13.25,""right"":17,""top"":8},""elapsed_ms"":317.351,""global_ordinal"":5,""iou"":0.95298112,""label"":""damaged_partial_register_spread"",""layout_type"":""two_page_spread"",""predicted_bbox"":[85,0,1250,987],""status"":""ok""}"
run-20260902-211535,2c66b3ee474f,2c66b3ee474fbf70484e5eba464f2d8136624b1ae9c4b80faf265ce29f08374b,1,2c66b3ee474f,5ae2b81370b5baf8b4a58979b13c7372b0cefa0aa8df99871f740aa94e40b447,1,85fa16f9a9085f2d9f1abcf26ea66ce563a0fe1e6fa70cbb849de75d9be25105,3,,5,4,1,1,[],{},6,2.381692150000049,0.6,6,title_or_index_sheet,single_page,ok,0.93274826,15,28,14,13,17.5,28,125.062,"[15, 28, 1074, 970]","[0, 0, 1088, 983]","{""minimum_component_area_fraction"":0.0,""minimum_confidence"":0.0,""minimum_page_area_fraction"":0.08,""page_padding_fraction"":0.03}",,,"{""legacy_parameter_set_id"":""2c66b3ee474f"",""parameter_grid_ordinal"":3,""parameter_grid_sha256"":""85fa16f9a9085f2d9f1abcf26ea66ce563a0fe1e6fa70cbb849de75d9be25105"",""parameter_identity_schema_version"":""1"",""parameter_identity_sha256"":""5ae2b81370b5baf8b4a58979b13c7372b0cefa0aa8df99871f740aa94e40b447"",""parameter_schema_version"":""1"",""parameter_set_equivalence_family_id"":""2c66b3ee474f"",""parameter_set_equivalence_family_sha256"":""2c66b3ee474fbf70484e5eba464f2d8136624b1ae9c4b80faf265ce29f08374b"",""parameter_set_equivalence_family_size"":1,""parameter_set_id"":""2c66b3ee474f"",""parameters"":{""minimum_component_area_fraction"":0.0,""minimum_confidence"":0.0,""minimum_page_area_fraction"":0.08,""page_padding_fraction"":0.03},""profile"":null,""rank"":5,""reference_roles"":[],""requested_search_member"":true,""run_id"":""run-20260902-211535"",""search_observation"":{""completion_index"":6,""elapsed_seconds"":2.381692150000049,""parameter_set_number"":6,""search_fraction"":0.6},""search_rank"":4,""search_space_member"":true,""summary"":{""elapsed_ms_total"":971.564,""failure_count"":0,""mean_edge_error_px"":20.5,""mean_iou"":0.92406854,""mean_iou_success"":0.92406854,""minimum_iou"":0.90819794,""page_count"":5,""stddev_iou"":0.01680945,""success_count"":5,""wall_ms"":972.374}}","{""approved_bbox"":[15,28,1074,970],""candidate"":{""authors"":null,""bbox"":[0,0,1088,983],""confidence"":0.9775,""corners"":[[1087.0,982.0],[0.0,982.0],[0.0,0.95001220703125],[1087.0,0.95001220703125]],""detector_name"":"""",""diagnostics"":{""doc_ufcn_version"":""0.2.0rc4"",""evidence"":""doc_ufcn_generic_page_polygon"",""inference_backend"":""doc-ufcn-pytorch"",""input_size"":768,""model_family"":""Doc-UFCN"",""model_id"":""doc-ufcn-generic-page"",""model_sha256"":""ab9036a138c9792d433edd02ac3c744745c0b06f01fc50e973c2b92d9e0dfd83"",""model_source"":""https://huggingface.co/Teklia/doc-ufcn-generic-page/resolve/main/model.pth?download=true"",""padding_arbitration"":{""baseline_boundary_support"":{""background_score"":12.0,""contrast_ratio"":0.0,""edge_scores"":[0.0,0.4139,0.0,0.0],""robust_score"":0.0},""baseline_padding_fraction"":0.05,""decision"":""requested-padding"",""requested_boundary_support"":{""background_score"":12.0,""contrast_ratio"":0.0,""edge_scores"":[0.0,0.414,0.0,0.0],""robust_score"":0.0},""requested_padding_fraction"":0.03},""page_envelope"":{""decision"":""single-component"",""joined_component_count"":0,""qualifying_component_count"":1,""selected_component_area"":975839.5,""selected_confidence"":0.97,""single_leaf_spread_completion"":{""attempted"":false,""decision"":""already-broad"",""leaf_height_fraction"":0.9521871820956256,""leaf_width_fraction"":0.9696691176470589,""physical_margin_fractions"":{""bottom"":0.0183,""left"":0.0138,""right"":0.0165,""top"":0.0295}}},""parameters"":{""minimum_component_area_fraction"":0.0,""minimum_confidence"":0.0,""minimum_page_area_fraction"":0.08,""page_padding_fraction"":0.03},""raw_polygon_count"":1,""selected_area_fraction"":0.9124224874334271,""selected_confidence"":0.97,""upstream_license"":""BSD-3-Clause"",""upstream_repository"":""https://github.com/johnlockejrr/doc-ufcn""},""foundation"":null,""method"":""doc_ufcn_page_mask"",""origin"":"""",""repository"":"""",""score"":0.9775,""status"":""ok"",""version"":""""},""edge_error_maximum_px"":28,""edge_error_mean_px"":17.5,""edge_errors"":{""bottom"":13,""left"":15,""maximum"":28,""mean"":17.5,""right"":14,""top"":28},""elapsed_ms"":125.062,""global_ordinal"":6,""iou"":0.93274826,""label"":""title_or_index_sheet"",""layout_type"":""single_page"",""predicted_bbox"":[0,0,1088,983],""status"":""ok""}"
run-20260902-211535,2c66b3ee474f,2c66b3ee474fbf70484e5eba464f2d8136624b1ae9c4b80faf265ce29f08374b,1,2c66b3ee474f,5ae2b81370b5baf8b4a58979b13c7372b0cefa0aa8df99871f740aa94e40b447,1,85fa16f9a9085f2d9f1abcf26ea66ce563a0fe1e6fa70cbb849de75d9be25105,3,,5,4,1,1,[],{},6,2.381692150000049,0.6,9,clean_two_page_spread,two_page_spread,ok,0.91582686,25,18,23,20,21.5,25,185.003,"[84, 51, 1101, 941]","[59, 33, 1124, 961]","{""minimum_component_area_fraction"":0.0,""minimum_confidence"":0.0,""minimum_page_area_fraction"":0.08,""page_padding_fraction"":0.03}",,,"{""legacy_parameter_set_id"":""2c66b3ee474f"",""parameter_grid_ordinal"":3,""parameter_grid_sha256"":""85fa16f9a9085f2d9f1abcf26ea66ce563a0fe1e6fa70cbb849de75d9be25105"",""parameter_identity_schema_version"":""1"",""parameter_identity_sha256"":""5ae2b81370b5baf8b4a58979b13c7372b0cefa0aa8df99871f740aa94e40b447"",""parameter_schema_version"":""1"",""parameter_set_equivalence_family_id"":""2c66b3ee474f"",""parameter_set_equivalence_family_sha256"":""2c66b3ee474fbf70484e5eba464f2d8136624b1ae9c4b80faf265ce29f08374b"",""parameter_set_equivalence_family_size"":1,""parameter_set_id"":""2c66b3ee474f"",""parameters"":{""minimum_component_area_fraction"":0.0,""minimum_confidence"":0.0,""minimum_page_area_fraction"":0.08,""page_padding_fraction"":0.03},""profile"":null,""rank"":5,""reference_roles"":[],""requested_search_member"":true,""run_id"":""run-20260902-211535"",""search_observation"":{""completion_index"":6,""elapsed_seconds"":2.381692150000049,""parameter_set_number"":6,""search_fraction"":0.6},""search_rank"":4,""search_space_member"":true,""summary"":{""elapsed_ms_total"":971.564,""failure_count"":0,""mean_edge_error_px"":20.5,""mean_iou"":0.92406854,""mean_iou_success"":0.92406854,""minimum_iou"":0.90819794,""page_count"":5,""stddev_iou"":0.01680945,""success_count"":5,""wall_ms"":972.374}}","{""approved_bbox"":[84,51,1101,941],""candidate"":{""authors"":null,""bbox"":[59,33,1124,961],""confidence"":0.9924999999999999,""corners"":[[1123.08984375,960.2198486328125],[59.9100341796875,960.2198486328125],[59.9100341796875,33.780029296875],[1123.08984375,33.780029296875]],""detector_name"":"""",""diagnostics"":{""doc_ufcn_version"":""0.2.0rc4"",""evidence"":""doc_ufcn_generic_page_polygon"",""inference_backend"":""doc-ufcn-pytorch"",""input_size"":768,""model_family"":""Doc-UFCN"",""model_id"":""doc-ufcn-generic-page"",""model_sha256"":""ab9036a138c9792d433edd02ac3c744745c0b06f01fc50e973c2b92d9e0dfd83"",""model_source"":""https://huggingface.co/Teklia/doc-ufcn-generic-page/resolve/main/model.pth?download=true"",""padding_arbitration"":{""baseline_boundary_support"":{""background_score"":23.409399032592773,""contrast_ratio"":0.08973955663659074,""edge_scores"":[0.1349,4.0482,0.1533,5.28],""robust_score"":2.1007490903139114},""baseline_padding_fraction"":0.05,""decision"":""requested-padding"",""requested_boundary_support"":{""background_score"":23.409399032592773,""contrast_ratio"":0.2292587570611802,""edge_scores"":[0.0786,6.8955,3.8382,138.8529],""robust_score"":5.366809725761414},""requested_padding_fraction"":0.03},""page_envelope"":{""decision"":""multi-component-spread-envelope"",""joined_component_count"":2,""joined_components"":[{""area_fraction_of_primary"":0.994091415699617,""height_ratio"":0.9965714285714286,""horizontal_center_separation_fraction"":0.3920807453416149,""span_gain"":2.003992015968064,""vertical_overlap"":1.0}],""qualifying_component_count"":2,""selected_component_area"":869386.0,""selected_confidence"":0.99},""parameters"":{""minimum_component_area_fraction"":0.0,""minimum_confidence"":0.0,""minimum_page_area_fraction"":0.08,""page_padding_fraction"":0.03},""raw_polygon_count"":2,""selected_area_fraction"":0.6852681527256677,""selected_confidence"":0.99,""upstream_license"":""BSD-3-Clause"",""upstream_repository"":""https://github.com/johnlockejrr/doc-ufcn""},""foundation"":null,""method"":""doc_ufcn_page_mask"",""origin"":"""",""repository"":"""",""score"":0.9924999999999999,""status"":""ok"",""version"":""""},""edge_error_maximum_px"":25,""edge_error_mean_px"":21.5,""edge_errors"":{""bottom"":20,""left"":25,""maximum"":25,""mean"":21.5,""right"":23,""top"":18},""elapsed_ms"":185.003,""global_ordinal"":9,""iou"":0.91582686,""label"":""clean_two_page_spread"",""layout_type"":""two_page_spread"",""predicted_bbox"":[59,33,1124,961],""status"":""ok""}"
run-20260902-211535,2c66b3ee474f,2c66b3ee474fbf70484e5eba464f2d8136624b1ae9c4b80faf265ce29f08374b,1,2c66b3ee474f,5ae2b81370b5baf8b4a58979b13c7372b0cefa0aa8df99871f740aa94e40b447,1,85fa16f9a9085f2d9f1abcf26ea66ce563a0fe1e6fa70cbb849de75d9be25105,3,,5,4,1,1,[],{},6,2.381692150000049,0.6,10,clean_two_page_spread_2,two_page_spread,ok,0.90819794,29,24,26,20,24.75,29,164.376,"[88, 33, 1154, 968]","[59, 9, 1180, 988]","{""minimum_component_area_fraction"":0.0,""minimum_confidence"":0.0,""minimum_page_area_fraction"":0.08,""page_padding_fraction"":0.03}",,,"{""legacy_parameter_set_id"":""2c66b3ee474f"",""parameter_grid_ordinal"":3,""parameter_grid_sha256"":""85fa16f9a9085f2d9f1abcf26ea66ce563a0fe1e6fa70cbb849de75d9be25105"",""parameter_identity_schema_version"":""1"",""parameter_identity_sha256"":""5ae2b81370b5baf8b4a58979b13c7372b0cefa0aa8df99871f740aa94e40b447"",""parameter_schema_version"":""1"",""parameter_set_equivalence_family_id"":""2c66b3ee474f"",""parameter_set_equivalence_family_sha256"":""2c66b3ee474fbf70484e5eba464f2d8136624b1ae9c4b80faf265ce29f08374b"",""parameter_set_equivalence_family_size"":1,""parameter_set_id"":""2c66b3ee474f"",""parameters"":{""minimum_component_area_fraction"":0.0,""minimum_confidence"":0.0,""minimum_page_area_fraction"":0.08,""page_padding_fraction"":0.03},""profile"":null,""rank"":5,""reference_roles"":[],""requested_search_member"":true,""run_id"":""run-20260902-211535"",""search_observation"":{""completion_index"":6,""elapsed_seconds"":2.381692150000049,""parameter_set_number"":6,""search_fraction"":0.6},""search_rank"":4,""search_space_member"":true,""summary"":{""elapsed_ms_total"":971.564,""failure_count"":0,""mean_edge_error_px"":20.5,""mean_iou"":0.92406854,""mean_iou_success"":0.92406854,""minimum_iou"":0.90819794,""page_count"":5,""stddev_iou"":0.01680945,""success_count"":5,""wall_ms"":972.374}}","{""approved_bbox"":[88,33,1154,968],""candidate"":{""authors"":null,""bbox"":[59,9,1180,988],""confidence"":0.9924999999999999,""corners"":[[63.5303955078125,987.5260009765625],[59.954833984375,13.20074462890625],[1175.501220703125,9.106964111328125],[1179.0767822265625,983.4321899414062]],""detector_name"":"""",""diagnostics"":{""doc_ufcn_version"":""0.2.0rc4"",""evidence"":""doc_ufcn_generic_page_polygon"",""inference_backend"":""doc-ufcn-pytorch"",""input_size"":768,""model_family"":""Doc-UFCN"",""model_id"":""doc-ufcn-generic-page"",""model_sha256"":""ab9036a138c9792d433edd02ac3c744745c0b06f01fc50e973c2b92d9e0dfd83"",""model_source"":""https://huggingface.co/Teklia/doc-ufcn-generic-page/resolve/main/model.pth?download=true"",""padding_arbitration"":{""baseline_boundary_support"":{""background_score"":27.312999725341797,""contrast_ratio"":0.053323599370050496,""edge_scores"":[3.2118,0.4265,2.4863,0.1746],""robust_score"":1.4564274549484253},""baseline_padding_fraction"":0.05,""decision"":""requested-padding"",""requested_boundary_support"":{""background_score"":27.312999725341797,""contrast_ratio"":0.16054366655567875,""edge_scores"":[7.8617,0.9081,142.2878,0.1288],""robust_score"":4.384929120540619},""requested_padding_fraction"":0.03},""page_envelope"":{""decision"":""single-component"",""joined_component_count"":0,""qualifying_component_count"":1,""selected_component_area"":944388.5,""selected_confidence"":0.99,""single_leaf_spread_completion"":{""attempted"":false,""decision"":""already-broad"",""leaf_height_fraction"":0.9272727272727272,""leaf_width_fraction"":0.832807570977918,""physical_margin_fractions"":{""bottom"":0.0333,""left"":0.0726,""right"":0.0946,""top"":0.0394}}},""parameters"":{""minimum_component_area_fraction"":0.0,""minimum_confidence"":0.0,""minimum_page_area_fraction"":0.08,""page_padding_fraction"":0.03},""raw_polygon_count"":1,""selected_area_fraction"":0.7523089730108657,""selected_confidence"":0.99,""upstream_license"":""BSD-3-Clause"",""upstream_repository"":""https://github.com/johnlockejrr/doc-ufcn""},""foundation"":null,""method"":""doc_ufcn_page_mask"",""origin"":"""",""repository"":"""",""score"":0.9924999999999999,""status"":""ok"",""version"":""""},""edge_error_maximum_px"":29,""edge_error_mean_px"":24.75,""edge_errors"":{""bottom"":20,""left"":29,""maximum"":29,""mean"":24.75,""right"":26,""top"":24},""elapsed_ms"":164.376,""global_ordinal"":10,""iou"":0.90819794,""label"":""clean_two_page_spread_2"",""layout_type"":""two_page_spread"",""predicted_bbox"":[59,9,1180,988],""status"":""ok""}"
run-20260902-211535,2cd594505fcb,2cd594505fcbf35e132ea9a7ee0a028e4bf0e11ade846615176c8cb34c3566aa,1,2cd594505fcb,eebf1196d7cc20afcbb0defa803d61bcec3e144c390232b879329accaf6ec1f0,1,85fa16f9a9085f2d9f1abcf26ea66ce563a0fe1e6fa70cbb849de75d9be25105,4,,6,5,1,1,[],{},9,3.3691395089999787,0.9,1,ordinary_two_page_spread,two_page_spread,ok,0.88106718,50,29,41,19,34.75,50,192.464,"[125, 56, 1289, 967]","[75, 27, 1330, 986]","{""minimum_component_area_fraction"":0.0,""minimum_confidence"":0.0,""minimum_page_area_fraction"":0.08,""page_padding_fraction"":0.04}",,,"{""legacy_parameter_set_id"":""2cd594505fcb"",""parameter_grid_ordinal"":4,""parameter_grid_sha256"":""85fa16f9a9085f2d9f1abcf26ea66ce563a0fe1e6fa70cbb849de75d9be25105"",""parameter_identity_schema_version"":""1"",""parameter_identity_sha256"":""eebf1196d7cc20afcbb0defa803d61bcec3e144c390232b879329accaf6ec1f0"",""parameter_schema_version"":""1"",""parameter_set_equivalence_family_id"":""2cd594505fcb"",""parameter_set_equivalence_family_sha256"":""2cd594505fcbf35e132ea9a7ee0a028e4bf0e11ade846615176c8cb34c3566aa"",""parameter_set_equivalence_family_size"":1,""parameter_set_id"":""2cd594505fcb"",""parameters"":{""minimum_component_area_fraction"":0.0,""minimum_confidence"":0.0,""minimum_page_area_fraction"":0.08,""page_padding_fraction"":0.04},""profile"":null,""rank"":6,""reference_roles"":[],""requested_search_member"":true,""run_id"":""run-20260902-211535"",""search_observation"":{""completion_index"":9,""elapsed_seconds"":3.3691395089999787,""parameter_set_number"":9,""search_fraction"":0.9},""search_rank"":5,""search_space_member"":true,""summary"":{""elapsed_ms_total"":1067.987,""failure_count"":0,""mean_edge_error_px"":25.7,""mean_iou"":0.90659498,""mean_iou_success"":0.90659498,""minimum_iou"":0.88106718,""page_count"":5,""stddev_iou"":0.03035782,""success_count"":5,""wall_ms"":1068.69}}","{""approved_bbox"":[125,56,1289,967],""candidate"":{""authors"":null,""bbox"":[75,27,1330,986],""confidence"":0.9924999999999999,""corners"":[[1329.439697265625,985.0],[75.55999755859375,985.0],[75.55999755859375,27.319976806640625],[1329.439697265625,27.319976806640625]],""detector_name"":"""",""diagnostics"":{""doc_ufcn_version"":""0.2.0rc4"",""evidence"":""doc_ufcn_generic_page_polygon"",""inference_backend"":""doc-ufcn-pytorch"",""input_size"":768,""model_family"":""Doc-UFCN"",""model_id"":""doc-ufcn-generic-page"",""model_sha256"":""ab9036a138c9792d433edd02ac3c744745c0b06f01fc50e973c2b92d9e0dfd83"",""model_source"":""https://huggingface.co/Teklia/doc-ufcn-generic-page/resolve/main/model.pth?download=true"",""padding_arbitration"":{""baseline_boundary_support"":{""background_score"":37.202152252197266,""contrast_ratio"":0.367002262845942,""edge_scores"":[13.7315,54.4253,2.4943,13.575],""robust_score"":13.653274059295654},""baseline_padding_fraction"":0.05,""decision"":""requested-padding"",""requested_boundary_support"":{""background_score"":37.202152252197266,""contrast_ratio"":0.24513316496657564,""edge_scores"":[13.4038,103.3954,0.3065,4.8351],""robust_score"":9.119481325149536},""requested_padding_fraction"":0.04},""page_envelope"":{""decision"":""multi-component-spread-envelope"",""joined_component_count"":2,""joined_components"":[{""area_fraction_of_primary"":0.9887496048885811,""height_ratio"":1.0,""horizontal_center_separation_fraction"":0.4240231548480463,""span_gain"":2.0138648180242633,""vertical_overlap"":1.0}],""qualifying_component_count"":2,""selected_component_area"":1026928.5,""selected_confidence"":0.99},""parameters"":{""minimum_component_area_fraction"":0.0,""minimum_confidence"":0.0,""minimum_page_area_fraction"":0.08,""page_padding_fraction"":0.04},""raw_polygon_count"":2,""selected_area_fraction"":0.7536249167065399,""selected_confidence"":0.99,""upstream_license"":""BSD-3-Clause"",""upstream_repository"":""https://github.com/johnlockejrr/doc-ufcn""},""foundation"":null,""method"":""doc_ufcn_page_mask"",""origin"":"""",""repository"":"""",""score"":0.9924999999999999,""status"":""ok"",""version"":""""},""edge_error_maximum_px"":50,""edge_error_mean_px"":34.75,""edge_errors"":{""bottom"":19,""left"":50,""maximum"":50,""mean"":34.75,""right"":41,""top"":29},""elapsed_ms"":192.464,""global_ordinal"":1,""iou"":0.88106718,""label"":""ordinary_two_page_spread"",""layout_type"":""two_page_spread"",""predicted_bbox"":[75,27,1330,986],""status"":""ok""}"
run-20260902-211535,2cd594505fcb,2cd594505fcbf35e132ea9a7ee0a028e4bf0e11ade846615176c8cb34c3566aa,1,2cd594505fcb,eebf1196d7cc20afcbb0defa803d61bcec3e144c390232b879329accaf6ec1f0,1,85fa16f9a9085f2d9f1abcf26ea66ce563a0fe1e6fa70cbb849de75d9be25105,4,,6,5,1,1,[],{},9,3.3691395089999787,0.9,5,damaged_partial_register_spread,two_page_spread,ok,0.95308617,7,8,28,10,13.25,28,335.913,"[67, 8, 1233, 977]","[74, 0, 1261, 987]","{""minimum_component_area_fraction"":0.0,""minimum_confidence"":0.0,""minimum_page_area_fraction"":0.08,""page_padding_fraction"":0.04}",,,"{""legacy_parameter_set_id"":""2cd594505fcb"",""parameter_grid_ordinal"":4,""parameter_grid_sha256"":""85fa16f9a9085f2d9f1abcf26ea66ce563a0fe1e6fa70cbb849de75d9be25105"",""parameter_identity_schema_version"":""1"",""parameter_identity_sha256"":""eebf1196d7cc20afcbb0defa803d61bcec3e144c390232b879329accaf6ec1f0"",""parameter_schema_version"":""1"",""parameter_set_equivalence_family_id"":""2cd594505fcb"",""parameter_set_equivalence_family_sha256"":""2cd594505fcbf35e132ea9a7ee0a028e4bf0e11ade846615176c8cb34c3566aa"",""parameter_set_equivalence_family_size"":1,""parameter_set_id"":""2cd594505fcb"",""parameters"":{""minimum_component_area_fraction"":0.0,""minimum_confidence"":0.0,""minimum_page_area_fraction"":0.08,""page_padding_fraction"":0.04},""profile"":null,""rank"":6,""reference_roles"":[],""requested_search_member"":true,""run_id"":""run-20260902-211535"",""search_observation"":{""completion_index"":9,""elapsed_seconds"":3.3691395089999787,""parameter_set_number"":9,""search_fraction"":0.9},""search_rank"":5,""search_space_member"":true,""summary"":{""elapsed_ms_total"":1067.987,""failure_count"":0,""mean_edge_error_px"":25.7,""mean_iou"":0.90659498,""mean_iou_success"":0.90659498,""minimum_iou"":0.88106718,""page_count"":5,""stddev_iou"":0.03035782,""success_count"":5,""wall_ms"":1068.69}}","{""approved_bbox"":[67,8,1233,977],""candidate"":{""authors"":null,""bbox"":[74,0,1261,987],""confidence"":0.9924999999999999,""corners"":[[1260.9599609375,986.0],[74.03997802734375,986.0],[74.03997802734375,0.0],[1260.9599609375,0.0]],""detector_name"":"""",""diagnostics"":{""doc_ufcn_version"":""0.2.0rc4"",""evidence"":""doc_ufcn_generic_page_polygon"",""inference_backend"":""doc-ufcn-pytorch"",""input_size"":768,""model_family"":""Doc-UFCN"",""model_id"":""doc-ufcn-generic-page"",""model_sha256"":""ab9036a138c9792d433edd02ac3c744745c0b06f01fc50e973c2b92d9e0dfd83"",""model_source"":""https://huggingface.co/Teklia/doc-ufcn-generic-page/resolve/main/model.pth?download=true"",""padding_arbitration"":{""baseline_boundary_support"":{""background_score"":39.11521530151367,""contrast_ratio"":0.1896691308379834,""edge_scores"":[11.5243,29.5731,0.1692,3.3136],""robust_score"":7.4189488887786865},""baseline_padding_fraction"":0.05,""decision"":""requested-padding"",""requested_boundary_support"":{""background_score"":39.11521530151367,""contrast_ratio"":0.14352355875893655,""edge_scores"":[8.6321,83.5816,0.1627,2.5958],""robust_score"":5.6139549016952515},""requested_padding_fraction"":0.04},""page_envelope"":{""decision"":""image-supported-single-leaf-spread-completion"",""joined_component_count"":0,""qualifying_component_count"":12,""selected_component_area"":1023477.5,""selected_confidence"":0.99,""single_leaf_spread_completion"":{""attempted"":true,""boundary_background"":23.0,""boundary_contrast_ratio"":1.8696,""boundary_mad"":6.5,""boundary_score"":43.0,""boundary_selection"":""outer-background-transition"",""boundary_threshold"":42.5,""boundary_x"":1217.0,""completed_area"":1023477.5,""completed_bounds"":[118.0,20.0,1217.0,962.0],""decision"":""image-supported-single-leaf-spread-completion"",""leaf_height_fraction"":0.9544072948328267,""leaf_width_fraction"":0.4787234042553192,""missing_side"":""right"",""outer_background_boundary"":{""accepted"":true,""background"":0.0,""background_mad"":0.0,""boundary_x"":1217.0,""candidate_count"":7,""contrast"":11.5,""inside_level"":11.5,""outside_level"":0.0,""reason"":""sustained-outer-background-transition""},""outer_boundary"":true,""physical_margin_fractions"":{""bottom"":0.0253,""left"":0.0897,""right"":0.4316,""top"":0.0203},""robust_boundary_candidates"":5,""span_gain"":1.7444}},""parameters"":{""minimum_component_area_fraction"":0.0,""minimum_confidence"":0.0,""minimum_page_area_fraction"":0.08,""page_padding_fraction"":0.04},""raw_polygon_count"":12,""selected_area_fraction"":0.7879619706642277,""selected_confidence"":0.99,""upstream_license"":""BSD-3-Clause"",""upstream_repository"":""https://github.com/johnlockejrr/doc-ufcn""},""foundation"":null,""method"":""doc_ufcn_page_mask"",""origin"":"""",""repository"":"""",""score"":0.9924999999999999,""status"":""ok"",""version"":""""},""edge_error_maximum_px"":28,""edge_error_mean_px"":13.25,""edge_errors"":{""bottom"":10,""left"":7,""maximum"":28,""mean"":13.25,""right"":28,""top"":8},""elapsed_ms"":335.913,""global_ordinal"":5,""iou"":0.95308617,""label"":""damaged_partial_register_spread"",""layout_type"":""two_page_spread"",""predicted_bbox"":[74,0,1261,987],""status"":""ok""}"
run-20260902-211535,2cd594505fcb,2cd594505fcbf35e132ea9a7ee0a028e4bf0e11ade846615176c8cb34c3566aa,1,2cd594505fcb,eebf1196d7cc20afcbb0defa803d61bcec3e144c390232b879329accaf6ec1f0,1,85fa16f9a9085f2d9f1abcf26ea66ce563a0fe1e6fa70cbb849de75d9be25105,4,,6,5,1,1,[],{},9,3.3691395089999787,0.9,6,title_or_index_sheet,single_page,ok,0.93274826,15,28,14,13,17.5,28,175.823,"[15, 28, 1074, 970]","[0, 0, 1088, 983]","{""minimum_component_area_fraction"":0.0,""minimum_confidence"":0.0,""minimum_page_area_fraction"":0.08,""page_padding_fraction"":0.04}",,,"{""legacy_parameter_set_id"":""2cd594505fcb"",""parameter_grid_ordinal"":4,""parameter_grid_sha256"":""85fa16f9a9085f2d9f1abcf26ea66ce563a0fe1e6fa70cbb849de75d9be25105"",""parameter_identity_schema_version"":""1"",""parameter_identity_sha256"":""eebf1196d7cc20afcbb0defa803d61bcec3e144c390232b879329accaf6ec1f0"",""parameter_schema_version"":""1"",""parameter_set_equivalence_family_id"":""2cd594505fcb"",""parameter_set_equivalence_family_sha256"":""2cd594505fcbf35e132ea9a7ee0a028e4bf0e11ade846615176c8cb34c3566aa"",""parameter_set_equivalence_family_size"":1,""parameter_set_id"":""2cd594505fcb"",""parameters"":{""minimum_component_area_fraction"":0.0,""minimum_confidence"":0.0,""minimum_page_area_fraction"":0.08,""page_padding_fraction"":0.04},""profile"":null,""rank"":6,""reference_roles"":[],""requested_search_member"":true,""run_id"":""run-20260902-211535"",""search_observation"":{""completion_index"":9,""elapsed_seconds"":3.3691395089999787,""parameter_set_number"":9,""search_fraction"":0.9},""search_rank"":5,""search_space_member"":true,""summary"":{""elapsed_ms_total"":1067.987,""failure_count"":0,""mean_edge_error_px"":25.7,""mean_iou"":0.90659498,""mean_iou_success"":0.90659498,""minimum_iou"":0.88106718,""page_count"":5,""stddev_iou"":0.03035782,""success_count"":5,""wall_ms"":1068.69}}","{""approved_bbox"":[15,28,1074,970],""candidate"":{""authors"":null,""bbox"":[0,0,1088,983],""confidence"":0.9775,""corners"":[[1087.0,982.0],[0.0,982.0],[0.0,0.0],[1087.0,0.0]],""detector_name"":"""",""diagnostics"":{""doc_ufcn_version"":""0.2.0rc4"",""evidence"":""doc_ufcn_generic_page_polygon"",""inference_backend"":""doc-ufcn-pytorch"",""input_size"":768,""model_family"":""Doc-UFCN"",""model_id"":""doc-ufcn-generic-page"",""model_sha256"":""ab9036a138c9792d433edd02ac3c744745c0b06f01fc50e973c2b92d9e0dfd83"",""model_source"":""https://huggingface.co/Teklia/doc-ufcn-generic-page/resolve/main/model.pth?download=true"",""padding_arbitration"":{""baseline_boundary_support"":{""background_score"":12.0,""contrast_ratio"":0.0,""edge_scores"":[0.0,0.4139,0.0,0.0],""robust_score"":0.0},""baseline_padding_fraction"":0.05,""decision"":""requested-padding"",""requested_boundary_support"":{""background_score"":12.0,""contrast_ratio"":0.0,""edge_scores"":[0.0,0.4139,0.0,0.0],""robust_score"":0.0},""requested_padding_fraction"":0.04},""page_envelope"":{""decision"":""single-component"",""joined_component_count"":0,""qualifying_component_count"":1,""selected_component_area"":975839.5,""selected_confidence"":0.97,""single_leaf_spread_completion"":{""attempted"":false,""decision"":""already-broad"",""leaf_height_fraction"":0.9521871820956256,""leaf_width_fraction"":0.9696691176470589,""physical_margin_fractions"":{""bottom"":0.0183,""left"":0.0138,""right"":0.0165,""top"":0.0295}}},""parameters"":{""minimum_component_area_fraction"":0.0,""minimum_confidence"":0.0,""minimum_page_area_fraction"":0.08,""page_padding_fraction"":0.04},""raw_polygon_count"":1,""selected_area_fraction"":0.9124224874334271,""selected_confidence"":0.97,""upstream_license"":""BSD-3-Clause"",""upstream_repository"":""https://github.com/johnlockejrr/doc-ufcn""},""foundation"":null,""method"":""doc_ufcn_page_mask"",""origin"":"""",""repository"":"""",""score"":0.9775,""status"":""ok"",""version"":""""},""edge_error_maximum_px"":28,""edge_error_mean_px"":17.5,""edge_errors"":{""bottom"":13,""left"":15,""maximum"":28,""mean"":17.5,""right"":14,""top"":28},""elapsed_ms"":175.823,""global_ordinal"":6,""iou"":0.93274826,""label"":""title_or_index_sheet"",""layout_type"":""single_page"",""predicted_bbox"":[0,0,1088,983],""status"":""ok""}"
run-20260902-211535,2cd594505fcb,2cd594505fcbf35e132ea9a7ee0a028e4bf0e11ade846615176c8cb34c3566aa,1,2cd594505fcb,eebf1196d7cc20afcbb0defa803d61bcec3e144c390232b879329accaf6ec1f0,1,85fa16f9a9085f2d9f1abcf26ea66ce563a0fe1e6fa70cbb849de75d9be25105,4,,6,5,1,1,[],{},9,3.3691395089999787,0.9,9,clean_two_page_spread,two_page_spread,ok,0.8837089,35,26,33,28,30.5,35,179.408,"[84, 51, 1101, 941]","[49, 25, 1134, 969]","{""minimum_component_area_fraction"":0.0,""minimum_confidence"":0.0,""minimum_page_area_fraction"":0.08,""page_padding_fraction"":0.04}",,,"{""legacy_parameter_set_id"":""2cd594505fcb"",""parameter_grid_ordinal"":4,""parameter_grid_sha256"":""85fa16f9a9085f2d9f1abcf26ea66ce563a0fe1e6fa70cbb849de75d9be25105"",""parameter_identity_schema_version"":""1"",""parameter_identity_sha256"":""eebf1196d7cc20afcbb0defa803d61bcec3e144c390232b879329accaf6ec1f0"",""parameter_schema_version"":""1"",""parameter_set_equivalence_family_id"":""2cd594505fcb"",""parameter_set_equivalence_family_sha256"":""2cd594505fcbf35e132ea9a7ee0a028e4bf0e11ade846615176c8cb34c3566aa"",""parameter_set_equivalence_family_size"":1,""parameter_set_id"":""2cd594505fcb"",""parameters"":{""minimum_component_area_fraction"":0.0,""minimum_confidence"":0.0,""minimum_page_area_fraction"":0.08,""page_padding_fraction"":0.04},""profile"":null,""rank"":6,""reference_roles"":[],""requested_search_member"":true,""run_id"":""run-20260902-211535"",""search_observation"":{""completion_index"":9,""elapsed_seconds"":3.3691395089999787,""parameter_set_number"":9,""search_fraction"":0.9},""search_rank"":5,""search_space_member"":true,""summary"":{""elapsed_ms_total"":1067.987,""failure_count"":0,""mean_edge_error_px"":25.7,""mean_iou"":0.90659498,""mean_iou_success"":0.90659498,""minimum_iou"":0.88106718,""page_count"":5,""stddev_iou"":0.03035782,""success_count"":5,""wall_ms"":1068.69}}","{""approved_bbox"":[84,51,1101,941],""candidate"":{""authors"":null,""bbox"":[49,25,1134,969],""confidence"":0.9924999999999999,""corners"":[[1133.119873046875,968.9598999023438],[49.8800048828125,968.9598999023438],[49.8800048828125,25.03997802734375],[1133.119873046875,25.03997802734375]],""detector_name"":"""",""diagnostics"":{""doc_ufcn_version"":""0.2.0rc4"",""evidence"":""doc_ufcn_generic_page_polygon"",""inference_backend"":""doc-ufcn-pytorch"",""input_size"":768,""model_family"":""Doc-UFCN"",""model_id"":""doc-ufcn-generic-page"",""model_sha256"":""ab9036a138c9792d433edd02ac3c744745c0b06f01fc50e973c2b92d9e0dfd83"",""model_source"":""https://huggingface.co/Teklia/doc-ufcn-generic-page/resolve/main/model.pth?download=true"",""padding_arbitration"":{""baseline_boundary_support"":{""background_score"":23.409399032592773,""contrast_ratio"":0.08973955663659074,""edge_scores"":[0.1349,4.0482,0.1533,5.28],""robust_score"":2.1007490903139114},""baseline_padding_fraction"":0.05,""decision"":""requested-padding"",""requested_boundary_support"":{""background_score"":23.409399032592773,""contrast_ratio"":0.15887205170188182,""edge_scores"":[0.3316,6.7619,0.6763,63.8392],""robust_score"":3.7190992534160614},""requested_padding_fraction"":0.04},""page_envelope"":{""decision"":""multi-component-spread-envelope"",""joined_component_count"":2,""joined_components"":[{""area_fraction_of_primary"":0.994091415699617,""height_ratio"":0.9965714285714286,""horizontal_center_separation_fraction"":0.3920807453416149,""span_gain"":2.003992015968064,""vertical_overlap"":1.0}],""qualifying_component_count"":2,""selected_component_area"":869386.0,""selected_confidence"":0.99},""parameters"":{""minimum_component_area_fraction"":0.0,""minimum_confidence"":0.0,""minimum_page_area_fraction"":0.08,""page_padding_fraction"":0.04},""raw_polygon_count"":2,""selected_area_fraction"":0.6852681527256677,""selected_confidence"":0.99,""upstream_license"":""BSD-3-Clause"",""upstream_repository"":""https://github.com/johnlockejrr/doc-ufcn""},""foundation"":null,""method"":""doc_ufcn_page_mask"",""origin"":"""",""repository"":"""",""score"":0.9924999999999999,""status"":""ok"",""version"":""""},""edge_error_maximum_px"":35,""edge_error_mean_px"":30.5,""edge_errors"":{""bottom"":28,""left"":35,""maximum"":35,""mean"":30.5,""right"":33,""top"":26},""elapsed_ms"":179.408,""global_ordinal"":9,""iou"":0.8837089,""label"":""clean_two_page_spread"",""layout_type"":""two_page_spread"",""predicted_bbox"":[49,25,1134,969],""status"":""ok""}"
run-20260902-211535,2cd594505fcb,2cd594505fcbf35e132ea9a7ee0a028e4bf0e11ade846615176c8cb34c3566aa,1,2cd594505fcb,eebf1196d7cc20afcbb0defa803d61bcec3e144c390232b879329accaf6ec1f0,1,85fa16f9a9085f2d9f1abcf26ea66ce563a0fe1e6fa70cbb849de75d9be25105,4,,6,5,1,1,[],{},9,3.3691395089999787,0.9,10,clean_two_page_spread_2,two_page_spread,ok,0.8823644,39,33,36,22,32.5,39,184.379,"[88, 33, 1154, 968]","[49, 0, 1190, 990]","{""minimum_component_area_fraction"":0.0,""minimum_confidence"":0.0,""minimum_page_area_fraction"":0.08,""page_padding_fraction"":0.04}",,,"{""legacy_parameter_set_id"":""2cd594505fcb"",""parameter_grid_ordinal"":4,""parameter_grid_sha256"":""85fa16f9a9085f2d9f1abcf26ea66ce563a0fe1e6fa70cbb849de75d9be25105"",""parameter_identity_schema_version"":""1"",""parameter_identity_sha256"":""eebf1196d7cc20afcbb0defa803d61bcec3e144c390232b879329accaf6ec1f0"",""parameter_schema_version"":""1"",""parameter_set_equivalence_family_id"":""2cd594505fcb"",""parameter_set_equivalence_family_sha256"":""2cd594505fcbf35e132ea9a7ee0a028e4bf0e11ade846615176c8cb34c3566aa"",""parameter_set_equivalence_family_size"":1,""parameter_set_id"":""2cd594505fcb"",""parameters"":{""minimum_component_area_fraction"":0.0,""minimum_confidence"":0.0,""minimum_page_area_fraction"":0.08,""page_padding_fraction"":0.04},""profile"":null,""rank"":6,""reference_roles"":[],""requested_search_member"":true,""run_id"":""run-20260902-211535"",""search_observation"":{""completion_index"":9,""elapsed_seconds"":3.3691395089999787,""parameter_set_number"":9,""search_fraction"":0.9},""search_rank"":5,""search_space_member"":true,""summary"":{""elapsed_ms_total"":1067.987,""failure_count"":0,""mean_edge_error_px"":25.7,""mean_iou"":0.90659498,""mean_iou_success"":0.90659498,""minimum_iou"":0.88106718,""page_count"":5,""stddev_iou"":0.03035782,""success_count"":5,""wall_ms"":1068.69}}","{""approved_bbox"":[88,33,1154,968],""candidate"":{""authors"":null,""bbox"":[49,0,1190,990],""confidence"":0.9924999999999999,""corners"":[[53.0400390625,989.0],[49.39703369140625,4.047576904296875],[1185.9915771484375,0.0],[1189.634521484375,989.0]],""detector_name"":"""",""diagnostics"":{""doc_ufcn_version"":""0.2.0rc4"",""evidence"":""doc_ufcn_generic_page_polygon"",""inference_backend"":""doc-ufcn-pytorch"",""input_size"":768,""model_family"":""Doc-UFCN"",""model_id"":""doc-ufcn-generic-page"",""model_sha256"":""ab9036a138c9792d433edd02ac3c744745c0b06f01fc50e973c2b92d9e0dfd83"",""model_source"":""https://huggingface.co/Teklia/doc-ufcn-generic-page/resolve/main/model.pth?download=true"",""padding_arbitration"":{""baseline_boundary_support"":{""background_score"":27.312999725341797,""contrast_ratio"":0.053323603734612826,""edge_scores"":[3.2118,0.4265,2.4863,0.1746],""robust_score"":1.4564275741577148},""baseline_padding_fraction"":0.05,""decision"":""requested-padding"",""requested_boundary_support"":{""background_score"":27.312999725341797,""contrast_ratio"":0.09873375923445367,""edge_scores"":[5.1487,0.2447,43.6898,0.1773],""robust_score"":2.6967151388525963},""requested_padding_fraction"":0.04},""page_envelope"":{""decision"":""single-component"",""joined_component_count"":0,""qualifying_component_count"":1,""selected_component_area"":944388.5,""selected_confidence"":0.99,""single_leaf_spread_completion"":{""attempted"":false,""decision"":""already-broad"",""leaf_height_fraction"":0.9272727272727272,""leaf_width_fraction"":0.832807570977918,""physical_margin_fractions"":{""bottom"":0.0333,""left"":0.0726,""right"":0.0946,""top"":0.0394}}},""parameters"":{""minimum_component_area_fraction"":0.0,""minimum_confidence"":0.0,""minimum_page_area_fraction"":0.08,""page_padding_fraction"":0.04},""raw_polygon_count"":1,""selected_area_fraction"":0.7523089730108657,""selected_confidence"":0.99,""upstream_license"":""BSD-3-Clause"",""upstream_repository"":""https://github.com/johnlockejrr/doc-ufcn""},""foundation"":null,""method"":""doc_ufcn_page_mask"",""origin"":"""",""repository"":"""",""score"":0.9924999999999999,""status"":""ok"",""version"":""""},""edge_error_maximum_px"":39,""edge_error_mean_px"":32.5,""edge_errors"":{""bottom"":22,""left"":39,""maximum"":39,""mean"":32.5,""right"":36,""top"":33},""elapsed_ms"":184.379,""global_ordinal"":10,""iou"":0.8823644,""label"":""clean_two_page_spread_2"",""layout_type"":""two_page_spread"",""predicted_bbox"":[49,0,1190,990],""status"":""ok""}"
run-20260902-211535,329dcc7161e9,329dcc7161e9118c9f928cd7c7771f626021a950707ef6438a83759ecb0ca643,1,329dcc7161e9,73f162d214e2a287c78ce3899926ec46b2d751ae45f4e465ee2b95a6b4e093b2,1,85fa16f9a9085f2d9f1abcf26ea66ce563a0fe1e6fa70cbb849de75d9be25105,865,baseline,7,,0,1,"[""baseline""]",{},,,,1,ordinary_two_page_spread,two_page_spread,ok,0.85649623,62,38,53,19,43.0,62,16.979,"[125, 56, 1289, 967]","[63, 18, 1342, 986]","{""minimum_component_area_fraction"":0.0005,""minimum_confidence"":0.5,""minimum_page_area_fraction"":0.12,""page_padding_fraction"":0.05}",,,"{""legacy_parameter_set_id"":""329dcc7161e9"",""parameter_grid_ordinal"":865,""parameter_grid_sha256"":""85fa16f9a9085f2d9f1abcf26ea66ce563a0fe1e6fa70cbb849de75d9be25105"",""parameter_identity_schema_version"":""1"",""parameter_identity_sha256"":""73f162d214e2a287c78ce3899926ec46b2d751ae45f4e465ee2b95a6b4e093b2"",""parameter_schema_version"":""1"",""parameter_set_equivalence_family_id"":""329dcc7161e9"",""parameter_set_equivalence_family_sha256"":""329dcc7161e9118c9f928cd7c7771f626021a950707ef6438a83759ecb0ca643"",""parameter_set_equivalence_family_size"":1,""parameter_set_id"":""329dcc7161e9"",""parameters"":{""minimum_component_area_fraction"":0.0005,""minimum_confidence"":0.5,""minimum_page_area_fraction"":0.12,""page_padding_fraction"":0.05},""profile"":""baseline"",""rank"":7,""reference_roles"":[""baseline""],""requested_search_member"":false,""run_id"":""run-20260902-211535"",""search_space_member"":true,""summary"":{""elapsed_ms_total"":129.083,""failure_count"":0,""mean_edge_error_px"":30.75,""mean_iou"":0.89064817,""mean_iou_success"":0.89064817,""minimum_iou"":0.85147835,""page_count"":5,""stddev_iou"":0.04063221,""success_count"":5,""wall_ms"":129.82}}","{""approved_bbox"":[125,56,1289,967],""candidate"":{""authors"":null,""bbox"":[63,18,1342,986],""confidence"":0.9924999999999999,""corners"":[[1341.0498046875,985.0],[63.95001220703125,985.0],[63.95001220703125,18.399993896484375],[1341.0498046875,18.399993896484375]],""detector_name"":"""",""diagnostics"":{""doc_ufcn_version"":""0.2.0rc4"",""evidence"":""doc_ufcn_generic_page_polygon"",""inference_backend"":""doc-ufcn-pytorch"",""input_size"":768,""model_family"":""Doc-UFCN"",""model_id"":""doc-ufcn-generic-page"",""model_sha256"":""ab9036a138c9792d433edd02ac3c744745c0b06f01fc50e973c2b92d9e0dfd83"",""model_source"":""https://huggingface.co/Teklia/doc-ufcn-generic-page/resolve/main/model.pth?download=true"",""padding_arbitration"":{""baseline_padding_fraction"":0.05,""decision"":""requested-padding"",""requested_padding_fraction"":0.05},""page_envelope"":{""decision"":""multi-component-spread-envelope"",""joined_component_count"":2,""joined_components"":[{""area_fraction_of_primary"":0.9887496048885811,""height_ratio"":1.0,""horizontal_center_separation_fraction"":0.4240231548480463,""span_gain"":2.0138648180242633,""vertical_overlap"":1.0}],""qualifying_component_count"":2,""selected_component_area"":1026928.5,""selected_confidence"":0.99},""parameters"":{""minimum_component_area_fraction"":0.0005,""minimum_confidence"":0.5,""minimum_page_area_fraction"":0.12,""page_padding_fraction"":0.05},""raw_polygon_count"":2,""selected_area_fraction"":0.7536249167065399,""selected_confidence"":0.99,""upstream_license"":""BSD-3-Clause"",""upstream_repository"":""https://github.com/johnlockejrr/doc-ufcn""},""foundation"":null,""method"":""doc_ufcn_page_mask"",""origin"":"""",""repository"":"""",""score"":0.9924999999999999,""status"":""ok"",""version"":""""},""edge_error_maximum_px"":62,""edge_error_mean_px"":43.0,""edge_errors"":{""bottom"":19,""left"":62,""maximum"":62,""mean"":43.0,""right"":53,""top"":38},""elapsed_ms"":16.979,""global_ordinal"":1,""iou"":0.85649623,""label"":""ordinary_two_page_spread"",""layout_type"":""two_page_spread"",""predicted_bbox"":[63,18,1342,986],""status"":""ok""}"
run-20260902-211535,329dcc7161e9,329dcc7161e9118c9f928cd7c7771f626021a950707ef6438a83759ecb0ca643,1,329dcc7161e9,73f162d214e2a287c78ce3899926ec46b2d751ae45f4e465ee2b95a6b4e093b2,1,85fa16f9a9085f2d9f1abcf26ea66ce563a0fe1e6fa70cbb849de75d9be25105,865,baseline,7,,0,1,"[""baseline""]",{},,,,5,damaged_partial_register_spread,two_page_spread,ok,0.94684496,4,8,39,10,15.25,39,68.508,"[67, 8, 1233, 977]","[63, 0, 1272, 987]","{""minimum_component_area_fraction"":0.0005,""minimum_confidence"":0.5,""minimum_page_area_fraction"":0.12,""page_padding_fraction"":0.05}",,,"{""legacy_parameter_set_id"":""329dcc7161e9"",""parameter_grid_ordinal"":865,""parameter_grid_sha256"":""85fa16f9a9085f2d9f1abcf26ea66ce563a0fe1e6fa70cbb849de75d9be25105"",""parameter_identity_schema_version"":""1"",""parameter_identity_sha256"":""73f162d214e2a287c78ce3899926ec46b2d751ae45f4e465ee2b95a6b4e093b2"",""parameter_schema_version"":""1"",""parameter_set_equivalence_family_id"":""329dcc7161e9"",""parameter_set_equivalence_family_sha256"":""329dcc7161e9118c9f928cd7c7771f626021a950707ef6438a83759ecb0ca643"",""parameter_set_equivalence_family_size"":1,""parameter_set_id"":""329dcc7161e9"",""parameters"":{""minimum_component_area_fraction"":0.0005,""minimum_confidence"":0.5,""minimum_page_area_fraction"":0.12,""page_padding_fraction"":0.05},""profile"":""baseline"",""rank"":7,""reference_roles"":[""baseline""],""requested_search_member"":false,""run_id"":""run-20260902-211535"",""search_space_member"":true,""summary"":{""elapsed_ms_total"":129.083,""failure_count"":0,""mean_edge_error_px"":30.75,""mean_iou"":0.89064817,""mean_iou_success"":0.89064817,""minimum_iou"":0.85147835,""page_count"":5,""stddev_iou"":0.04063221,""success_count"":5,""wall_ms"":129.82}}","{""approved_bbox"":[67,8,1233,977],""candidate"":{""authors"":null,""bbox"":[63,0,1272,987],""confidence"":0.9924999999999999,""corners"":[[1271.949951171875,986.0],[63.04998779296875,986.0],[63.04998779296875,0.0],[1271.949951171875,0.0]],""detector_name"":"""",""diagnostics"":{""doc_ufcn_version"":""0.2.0rc4"",""evidence"":""doc_ufcn_generic_page_polygon"",""inference_backend"":""doc-ufcn-pytorch"",""input_size"":768,""model_family"":""Doc-UFCN"",""model_id"":""doc-ufcn-generic-page"",""model_sha256"":""ab9036a138c9792d433edd02ac3c744745c0b06f01fc50e973c2b92d9e0dfd83"",""model_source"":""https://huggingface.co/Teklia/doc-ufcn-generic-page/resolve/main/model.pth?download=true"",""padding_arbitration"":{""baseline_padding_fraction"":0.05,""decision"":""requested-padding"",""requested_padding_fraction"":0.05},""page_envelope"":{""decision"":""image-supported-single-leaf-spread-completion"",""joined_component_count"":0,""qualifying_component_count"":7,""selected_component_area"":1023477.5,""selected_confidence"":0.99,""single_leaf_spread_completion"":{""attempted"":true,""boundary_background"":23.0,""boundary_contrast_ratio"":1.8696,""boundary_mad"":6.5,""boundary_score"":43.0,""boundary_selection"":""outer-background-transition"",""boundary_threshold"":42.5,""boundary_x"":1217.0,""completed_area"":1023477.5,""completed_bounds"":[118.0,20.0,1217.0,962.0],""decision"":""image-supported-single-leaf-spread-completion"",""leaf_height_fraction"":0.9544072948328267,""leaf_width_fraction"":0.4787234042553192,""missing_side"":""right"",""outer_background_boundary"":{""accepted"":true,""background"":0.0,""background_mad"":0.0,""boundary_x"":1217.0,""candidate_count"":7,""contrast"":11.5,""inside_level"":11.5,""outside_level"":0.0,""reason"":""sustained-outer-background-transition""},""outer_boundary"":true,""physical_margin_fractions"":{""bottom"":0.0253,""left"":0.0897,""right"":0.4316,""top"":0.0203},""robust_boundary_candidates"":5,""span_gain"":1.7444}},""parameters"":{""minimum_component_area_fraction"":0.0005,""minimum_confidence"":0.5,""minimum_page_area_fraction"":0.12,""page_padding_fraction"":0.05},""raw_polygon_count"":12,""selected_area_fraction"":0.7879619706642277,""selected_confidence"":0.99,""upstream_license"":""BSD-3-Clause"",""upstream_repository"":""https://github.com/johnlockejrr/doc-ufcn""},""foundation"":null,""method"":""doc_ufcn_page_mask"",""origin"":"""",""repository"":"""",""score"":0.9924999999999999,""status"":""ok"",""version"":""""},""edge_error_maximum_px"":39,""edge_error_mean_px"":15.25,""edge_errors"":{""bottom"":10,""left"":4,""maximum"":39,""mean"":15.25,""right"":39,""top"":8},""elapsed_ms"":68.508,""global_ordinal"":5,""iou"":0.94684496,""label"":""damaged_partial_register_spread"",""layout_type"":""two_page_spread"",""predicted_bbox"":[63,0,1272,987],""status"":""ok""}"
run-20260902-211535,329dcc7161e9,329dcc7161e9118c9f928cd7c7771f626021a950707ef6438a83759ecb0ca643,1,329dcc7161e9,73f162d214e2a287c78ce3899926ec46b2d751ae45f4e465ee2b95a6b4e093b2,1,85fa16f9a9085f2d9f1abcf26ea66ce563a0fe1e6fa70cbb849de75d9be25105,865,baseline,7,,0,1,"[""baseline""]",{},,,,6,title_or_index_sheet,single_page,ok,0.93274826,15,28,14,13,17.5,28,13.158,"[15, 28, 1074, 970]","[0, 0, 1088, 983]","{""minimum_component_area_fraction"":0.0005,""minimum_confidence"":0.5,""minimum_page_area_fraction"":0.12,""page_padding_fraction"":0.05}",,,"{""legacy_parameter_set_id"":""329dcc7161e9"",""parameter_grid_ordinal"":865,""parameter_grid_sha256"":""85fa16f9a9085f2d9f1abcf26ea66ce563a0fe1e6fa70cbb849de75d9be25105"",""parameter_identity_schema_version"":""1"",""parameter_identity_sha256"":""73f162d214e2a287c78ce3899926ec46b2d751ae45f4e465ee2b95a6b4e093b2"",""parameter_schema_version"":""1"",""parameter_set_equivalence_family_id"":""329dcc7161e9"",""parameter_set_equivalence_family_sha256"":""329dcc7161e9118c9f928cd7c7771f626021a950707ef6438a83759ecb0ca643"",""parameter_set_equivalence_family_size"":1,""parameter_set_id"":""329dcc7161e9"",""parameters"":{""minimum_component_area_fraction"":0.0005,""minimum_confidence"":0.5,""minimum_page_area_fraction"":0.12,""page_padding_fraction"":0.05},""profile"":""baseline"",""rank"":7,""reference_roles"":[""baseline""],""requested_search_member"":false,""run_id"":""run-20260902-211535"",""search_space_member"":true,""summary"":{""elapsed_ms_total"":129.083,""failure_count"":0,""mean_edge_error_px"":30.75,""mean_iou"":0.89064817,""mean_iou_success"":0.89064817,""minimum_iou"":0.85147835,""page_count"":5,""stddev_iou"":0.04063221,""success_count"":5,""wall_ms"":129.82}}","{""approved_bbox"":[15,28,1074,970],""candidate"":{""authors"":null,""bbox"":[0,0,1088,983],""confidence"":0.9775,""corners"":[[1087.0,982.0],[0.0,982.0],[0.0,0.0],[1087.0,0.0]],""detector_name"":"""",""diagnostics"":{""doc_ufcn_version"":""0.2.0rc4"",""evidence"":""doc_ufcn_generic_page_polygon"",""inference_backend"":""doc-ufcn-pytorch"",""input_size"":768,""model_family"":""Doc-UFCN"",""model_id"":""doc-ufcn-generic-page"",""model_sha256"":""ab9036a138c9792d433edd02ac3c744745c0b06f01fc50e973c2b92d9e0dfd83"",""model_source"":""https://huggingface.co/Teklia/doc-ufcn-generic-page/resolve/main/model.pth?download=true"",""padding_arbitration"":{""baseline_padding_fraction"":0.05,""decision"":""requested-padding"",""requested_padding_fraction"":0.05},""page_envelope"":{""decision"":""single-component"",""joined_component_count"":0,""qualifying_component_count"":1,""selected_component_area"":975839.5,""selected_confidence"":0.97,""single_leaf_spread_completion"":{""attempted"":false,""decision"":""already-broad"",""leaf_height_fraction"":0.9521871820956256,""leaf_width_fraction"":0.9696691176470589,""physical_margin_fractions"":{""bottom"":0.0183,""left"":0.0138,""right"":0.0165,""top"":0.0295}}},""parameters"":{""minimum_component_area_fraction"":0.0005,""minimum_confidence"":0.5,""minimum_page_area_fraction"":0.12,""page_padding_fraction"":0.05},""raw_polygon_count"":1,""selected_area_fraction"":0.9124224874334271,""selected_confidence"":0.97,""upstream_license"":""BSD-3-Clause"",""upstream_repository"":""https://github.com/johnlockejrr/doc-ufcn""},""foundation"":null,""method"":""doc_ufcn_page_mask"",""origin"":"""",""repository"":"""",""score"":0.9775,""status"":""ok"",""version"":""""},""edge_error_maximum_px"":28,""edge_error_mean_px"":17.5,""edge_errors"":{""bottom"":13,""left"":15,""maximum"":28,""mean"":17.5,""right"":14,""top"":28},""elapsed_ms"":13.158,""global_ordinal"":6,""iou"":0.93274826,""label"":""title_or_index_sheet"",""layout_type"":""single_page"",""predicted_bbox"":[0,0,1088,983],""status"":""ok""}"
run-20260902-211535,329dcc7161e9,329dcc7161e9118c9f928cd7c7771f626021a950707ef6438a83759ecb0ca643,1,329dcc7161e9,73f162d214e2a287c78ce3899926ec46b2d751ae45f4e465ee2b95a6b4e093b2,1,85fa16f9a9085f2d9f1abcf26ea66ce563a0fe1e6fa70cbb849de75d9be25105,865,baseline,7,,0,1,"[""baseline""]",{},,,,9,clean_two_page_spread,two_page_spread,ok,0.85147835,45,35,43,37,40.0,45,15.449,"[84, 51, 1101, 941]","[39, 16, 1144, 978]","{""minimum_component_area_fraction"":0.0005,""minimum_confidence"":0.5,""minimum_page_area_fraction"":0.12,""page_padding_fraction"":0.05}",,,"{""legacy_parameter_set_id"":""329dcc7161e9"",""parameter_grid_ordinal"":865,""parameter_grid_sha256"":""85fa16f9a9085f2d9f1abcf26ea66ce563a0fe1e6fa70cbb849de75d9be25105"",""parameter_identity_schema_version"":""1"",""parameter_identity_sha256"":""73f162d214e2a287c78ce3899926ec46b2d751ae45f4e465ee2b95a6b4e093b2"",""parameter_schema_version"":""1"",""parameter_set_equivalence_family_id"":""329dcc7161e9"",""parameter_set_equivalence_family_sha256"":""329dcc7161e9118c9f928cd7c7771f626021a950707ef6438a83759ecb0ca643"",""parameter_set_equivalence_family_size"":1,""parameter_set_id"":""329dcc7161e9"",""parameters"":{""minimum_component_area_fraction"":0.0005,""minimum_confidence"":0.5,""minimum_page_area_fraction"":0.12,""page_padding_fraction"":0.05},""profile"":""baseline"",""rank"":7,""reference_roles"":[""baseline""],""requested_search_member"":false,""run_id"":""run-20260902-211535"",""search_space_member"":true,""summary"":{""elapsed_ms_total"":129.083,""failure_count"":0,""mean_edge_error_px"":30.75,""mean_iou"":0.89064817,""mean_iou_success"":0.89064817,""minimum_iou"":0.85147835,""page_count"":5,""stddev_iou"":0.04063221,""success_count"":5,""wall_ms"":129.82}}","{""approved_bbox"":[84,51,1101,941],""candidate"":{""authors"":null,""bbox"":[39,16,1144,978],""confidence"":0.9924999999999999,""corners"":[[1143.14990234375,977.6998901367188],[39.8499755859375,977.6998901367188],[39.8499755859375,16.29998779296875],[1143.14990234375,16.29998779296875]],""detector_name"":"""",""diagnostics"":{""doc_ufcn_version"":""0.2.0rc4"",""evidence"":""doc_ufcn_generic_page_polygon"",""inference_backend"":""doc-ufcn-pytorch"",""input_size"":768,""model_family"":""Doc-UFCN"",""model_id"":""doc-ufcn-generic-page"",""model_sha256"":""ab9036a138c9792d433edd02ac3c744745c0b06f01fc50e973c2b92d9e0dfd83"",""model_source"":""https://huggingface.co/Teklia/doc-ufcn-generic-page/resolve/main/model.pth?download=true"",""padding_arbitration"":{""baseline_padding_fraction"":0.05,""decision"":""requested-padding"",""requested_padding_fraction"":0.05},""page_envelope"":{""decision"":""multi-component-spread-envelope"",""joined_component_count"":2,""joined_components"":[{""area_fraction_of_primary"":0.994091415699617,""height_ratio"":0.9965714285714286,""horizontal_center_separation_fraction"":0.3920807453416149,""span_gain"":2.003992015968064,""vertical_overlap"":1.0}],""qualifying_component_count"":2,""selected_component_area"":869386.0,""selected_confidence"":0.99},""parameters"":{""minimum_component_area_fraction"":0.0005,""minimum_confidence"":0.5,""minimum_page_area_fraction"":0.12,""page_padding_fraction"":0.05},""raw_polygon_count"":2,""selected_area_fraction"":0.6852681527256677,""selected_confidence"":0.99,""upstream_license"":""BSD-3-Clause"",""upstream_repository"":""https://github.com/johnlockejrr/doc-ufcn""},""foundation"":null,""method"":""doc_ufcn_page_mask"",""origin"":"""",""repository"":"""",""score"":0.9924999999999999,""status"":""ok"",""version"":""""},""edge_error_maximum_px"":45,""edge_error_mean_px"":40.0,""edge_errors"":{""bottom"":37,""left"":45,""maximum"":45,""mean"":40.0,""right"":43,""top"":35},""elapsed_ms"":15.449,""global_ordinal"":9,""iou"":0.85147835,""label"":""clean_two_page_spread"",""layout_type"":""two_page_spread"",""predicted_bbox"":[39,16,1144,978],""status"":""ok""}"
run-20260902-211535,329dcc7161e9,329dcc7161e9118c9f928cd7c7771f626021a950707ef6438a83759ecb0ca643,1,329dcc7161e9,73f162d214e2a287c78ce3899926ec46b2d751ae45f4e465ee2b95a6b4e093b2,1,85fa16f9a9085f2d9f1abcf26ea66ce563a0fe1e6fa70cbb849de75d9be25105,865,baseline,7,,0,1,"[""baseline""]",{},,,,10,clean_two_page_spread_2,two_page_spread,ok,0.86567307,50,33,47,22,38.0,50,14.989,"[88, 33, 1154, 968]","[38, 0, 1201, 990]","{""minimum_component_area_fraction"":0.0005,""minimum_confidence"":0.5,""minimum_page_area_fraction"":0.12,""page_padding_fraction"":0.05}",,,"{""legacy_parameter_set_id"":""329dcc7161e9"",""parameter_grid_ordinal"":865,""parameter_grid_sha256"":""85fa16f9a9085f2d9f1abcf26ea66ce563a0fe1e6fa70cbb849de75d9be25105"",""parameter_identity_schema_version"":""1"",""parameter_identity_sha256"":""73f162d214e2a287c78ce3899926ec46b2d751ae45f4e465ee2b95a6b4e093b2"",""parameter_schema_version"":""1"",""parameter_set_equivalence_family_id"":""329dcc7161e9"",""parameter_set_equivalence_family_sha256"":""329dcc7161e9118c9f928cd7c7771f626021a950707ef6438a83759ecb0ca643"",""parameter_set_equivalence_family_size"":1,""parameter_set_id"":""329dcc7161e9"",""parameters"":{""minimum_component_area_fraction"":0.0005,""minimum_confidence"":0.5,""minimum_page_area_fraction"":0.12,""page_padding_fraction"":0.05},""profile"":""baseline"",""rank"":7,""reference_roles"":[""baseline""],""requested_search_member"":false,""run_id"":""run-20260902-211535"",""search_space_member"":true,""summary"":{""elapsed_ms_total"":129.083,""failure_count"":0,""mean_edge_error_px"":30.75,""mean_iou"":0.89064817,""mean_iou_success"":0.89064817,""minimum_iou"":0.85147835,""page_count"":5,""stddev_iou"":0.04063221,""success_count"":5,""wall_ms"":129.82}}","{""approved_bbox"":[88,33,1154,968],""candidate"":{""authors"":null,""bbox"":[38,0,1201,990],""confidence"":0.9924999999999999,""corners"":[[42.54974365234375,989.0],[38.8392333984375,0.0],[1196.48193359375,0.0],[1200.1923828125,989.0]],""detector_name"":"""",""diagnostics"":{""doc_ufcn_version"":""0.2.0rc4"",""evidence"":""doc_ufcn_generic_page_polygon"",""inference_backend"":""doc-ufcn-pytorch"",""input_size"":768,""model_family"":""Doc-UFCN"",""model_id"":""doc-ufcn-generic-page"",""model_sha256"":""ab9036a138c9792d433edd02ac3c744745c0b06f01fc50e973c2b92d9e0dfd83"",""model_source"":""https://huggingface.co/Teklia/doc-ufcn-generic-page/resolve/main/model.pth?download=true"",""padding_arbitration"":{""baseline_padding_fraction"":0.05,""decision"":""requested-padding"",""requested_padding_fraction"":0.05},""page_envelope"":{""decision"":""single-component"",""joined_component_count"":0,""qualifying_component_count"":1,""selected_component_area"":944388.5,""selected_confidence"":0.99,""single_leaf_spread_completion"":{""attempted"":false,""decision"":""already-broad"",""leaf_height_fraction"":0.9272727272727272,""leaf_width_fraction"":0.832807570977918,""physical_margin_fractions"":{""bottom"":0.0333,""left"":0.0726,""right"":0.0946,""top"":0.0394}}},""parameters"":{""minimum_component_area_fraction"":0.0005,""minimum_confidence"":0.5,""minimum_page_area_fraction"":0.12,""page_padding_fraction"":0.05},""raw_polygon_count"":1,""selected_area_fraction"":0.7523089730108657,""selected_confidence"":0.99,""upstream_license"":""BSD-3-Clause"",""upstream_repository"":""https://github.com/johnlockejrr/doc-ufcn""},""foundation"":null,""method"":""doc_ufcn_page_mask"",""origin"":"""",""repository"":"""",""score"":0.9924999999999999,""status"":""ok"",""version"":""""},""edge_error_maximum_px"":50,""edge_error_mean_px"":38.0,""edge_errors"":{""bottom"":22,""left"":50,""maximum"":50,""mean"":38.0,""right"":47,""top"":33},""elapsed_ms"":14.989,""global_ordinal"":10,""iou"":0.86567307,""label"":""clean_two_page_spread_2"",""layout_type"":""two_page_spread"",""predicted_bbox"":[38,0,1201,990],""status"":""ok""}"
run-20260902-211535,995bda068f2e,995bda068f2ef436c0591d402433850476bf2cb82d6c0d723dc4812ac5543463,1,995bda068f2e,de29b608905182b32071bc7230edacdee221c5e3f4a9365dfcd0c7860b6adcb3,1,85fa16f9a9085f2d9f1abcf26ea66ce563a0fe1e6fa70cbb849de75d9be25105,5,,8,6,1,1,[],{},7,2.7845980729999837,0.7,1,ordinary_two_page_spread,two_page_spread,ok,0.85649623,62,38,53,19,43.0,62,51.896,"[125, 56, 1289, 967]","[63, 18, 1342, 986]","{""minimum_component_area_fraction"":0.0,""minimum_confidence"":0.0,""minimum_page_area_fraction"":0.08,""page_padding_fraction"":0.05}",,,"{""legacy_parameter_set_id"":""995bda068f2e"",""parameter_grid_ordinal"":5,""parameter_grid_sha256"":""85fa16f9a9085f2d9f1abcf26ea66ce563a0fe1e6fa70cbb849de75d9be25105"",""parameter_identity_schema_version"":""1"",""parameter_identity_sha256"":""de29b608905182b32071bc7230edacdee221c5e3f4a9365dfcd0c7860b6adcb3"",""parameter_schema_version"":""1"",""parameter_set_equivalence_family_id"":""995bda068f2e"",""parameter_set_equivalence_family_sha256"":""995bda068f2ef436c0591d402433850476bf2cb82d6c0d723dc4812ac5543463"",""parameter_set_equivalence_family_size"":1,""parameter_set_id"":""995bda068f2e"",""parameters"":{""minimum_component_area_fraction"":0.0,""minimum_confidence"":0.0,""minimum_page_area_fraction"":0.08,""page_padding_fraction"":0.05},""profile"":null,""rank"":8,""reference_roles"":[],""requested_search_member"":true,""run_id"":""run-20260902-211535"",""search_observation"":{""completion_index"":7,""elapsed_seconds"":2.7845980729999837,""parameter_set_number"":7,""search_fraction"":0.7},""search_rank"":6,""search_space_member"":true,""summary"":{""elapsed_ms_total"":399.606,""failure_count"":0,""mean_edge_error_px"":30.75,""mean_iou"":0.89064817,""mean_iou_success"":0.89064817,""minimum_iou"":0.85147835,""page_count"":5,""stddev_iou"":0.04063221,""success_count"":5,""wall_ms"":400.29}}","{""approved_bbox"":[125,56,1289,967],""candidate"":{""authors"":null,""bbox"":[63,18,1342,986],""confidence"":0.9924999999999999,""corners"":[[1341.0498046875,985.0],[63.95001220703125,985.0],[63.95001220703125,18.399993896484375],[1341.0498046875,18.399993896484375]],""detector_name"":"""",""diagnostics"":{""doc_ufcn_version"":""0.2.0rc4"",""evidence"":""doc_ufcn_generic_page_polygon"",""inference_backend"":""doc-ufcn-pytorch"",""input_size"":768,""model_family"":""Doc-UFCN"",""model_id"":""doc-ufcn-generic-page"",""model_sha256"":""ab9036a138c9792d433edd02ac3c744745c0b06f01fc50e973c2b92d9e0dfd83"",""model_source"":""https://huggingface.co/Teklia/doc-ufcn-generic-page/resolve/main/model.pth?download=true"",""padding_arbitration"":{""baseline_padding_fraction"":0.05,""decision"":""requested-padding"",""requested_padding_fraction"":0.05},""page_envelope"":{""decision"":""multi-component-spread-envelope"",""joined_component_count"":2,""joined_components"":[{""area_fraction_of_primary"":0.9887496048885811,""height_ratio"":1.0,""horizontal_center_separation_fraction"":0.4240231548480463,""span_gain"":2.0138648180242633,""vertical_overlap"":1.0}],""qualifying_component_count"":2,""selected_component_area"":1026928.5,""selected_confidence"":0.99},""parameters"":{""minimum_component_area_fraction"":0.0,""minimum_confidence"":0.0,""minimum_page_area_fraction"":0.08,""page_padding_fraction"":0.05},""raw_polygon_count"":2,""selected_area_fraction"":0.7536249167065399,""selected_confidence"":0.99,""upstream_license"":""BSD-3-Clause"",""upstream_repository"":""https://github.com/johnlockejrr/doc-ufcn""},""foundation"":null,""method"":""doc_ufcn_page_mask"",""origin"":"""",""repository"":"""",""score"":0.9924999999999999,""status"":""ok"",""version"":""""},""edge_error_maximum_px"":62,""edge_error_mean_px"":43.0,""edge_errors"":{""bottom"":19,""left"":62,""maximum"":62,""mean"":43.0,""right"":53,""top"":38},""elapsed_ms"":51.896,""global_ordinal"":1,""iou"":0.85649623,""label"":""ordinary_two_page_spread"",""layout_type"":""two_page_spread"",""predicted_bbox"":[63,18,1342,986],""status"":""ok""}"
run-20260902-211535,995bda068f2e,995bda068f2ef436c0591d402433850476bf2cb82d6c0d723dc4812ac5543463,1,995bda068f2e,de29b608905182b32071bc7230edacdee221c5e3f4a9365dfcd0c7860b6adcb3,1,85fa16f9a9085f2d9f1abcf26ea66ce563a0fe1e6fa70cbb849de75d9be25105,5,,8,6,1,1,[],{},7,2.7845980729999837,0.7,5,damaged_partial_register_spread,two_page_spread,ok,0.94684496,4,8,39,10,15.25,39,216.162,"[67, 8, 1233, 977]","[63, 0, 1272, 987]","{""minimum_component_area_fraction"":0.0,""minimum_confidence"":0.0,""minimum_page_area_fraction"":0.08,""page_padding_fraction"":0.05}",,,"{""legacy_parameter_set_id"":""995bda068f2e"",""parameter_grid_ordinal"":5,""parameter_grid_sha256"":""85fa16f9a9085f2d9f1abcf26ea66ce563a0fe1e6fa70cbb849de75d9be25105"",""parameter_identity_schema_version"":""1"",""parameter_identity_sha256"":""de29b608905182b32071bc7230edacdee221c5e3f4a9365dfcd0c7860b6adcb3"",""parameter_schema_version"":""1"",""parameter_set_equivalence_family_id"":""995bda068f2e"",""parameter_set_equivalence_family_sha256"":""995bda068f2ef436c0591d402433850476bf2cb82d6c0d723dc4812ac5543463"",""parameter_set_equivalence_family_size"":1,""parameter_set_id"":""995bda068f2e"",""parameters"":{""minimum_component_area_fraction"":0.0,""minimum_confidence"":0.0,""minimum_page_area_fraction"":0.08,""page_padding_fraction"":0.05},""profile"":null,""rank"":8,""reference_roles"":[],""requested_search_member"":true,""run_id"":""run-20260902-211535"",""search_observation"":{""completion_index"":7,""elapsed_seconds"":2.7845980729999837,""parameter_set_number"":7,""search_fraction"":0.7},""search_rank"":6,""search_space_member"":true,""summary"":{""elapsed_ms_total"":399.606,""failure_count"":0,""mean_edge_error_px"":30.75,""mean_iou"":0.89064817,""mean_iou_success"":0.89064817,""minimum_iou"":0.85147835,""page_count"":5,""stddev_iou"":0.04063221,""success_count"":5,""wall_ms"":400.29}}","{""approved_bbox"":[67,8,1233,977],""candidate"":{""authors"":null,""bbox"":[63,0,1272,987],""confidence"":0.9924999999999999,""corners"":[[1271.949951171875,986.0],[63.04998779296875,986.0],[63.04998779296875,0.0],[1271.949951171875,0.0]],""detector_name"":"""",""diagnostics"":{""doc_ufcn_version"":""0.2.0rc4"",""evidence"":""doc_ufcn_generic_page_polygon"",""inference_backend"":""doc-ufcn-pytorch"",""input_size"":768,""model_family"":""Doc-UFCN"",""model_id"":""doc-ufcn-generic-page"",""model_sha256"":""ab9036a138c9792d433edd02ac3c744745c0b06f01fc50e973c2b92d9e0dfd83"",""model_source"":""https://huggingface.co/Teklia/doc-ufcn-generic-page/resolve/main/model.pth?download=true"",""padding_arbitration"":{""baseline_padding_fraction"":0.05,""decision"":""requested-padding"",""requested_padding_fraction"":0.05},""page_envelope"":{""decision"":""image-supported-single-leaf-spread-completion"",""joined_component_count"":0,""qualifying_component_count"":12,""selected_component_area"":1023477.5,""selected_confidence"":0.99,""single_leaf_spread_completion"":{""attempted"":true,""boundary_background"":23.0,""boundary_contrast_ratio"":1.8696,""boundary_mad"":6.5,""boundary_score"":43.0,""boundary_selection"":""outer-background-transition"",""boundary_threshold"":42.5,""boundary_x"":1217.0,""completed_area"":1023477.5,""completed_bounds"":[118.0,20.0,1217.0,962.0],""decision"":""image-supported-single-leaf-spread-completion"",""leaf_height_fraction"":0.9544072948328267,""leaf_width_fraction"":0.4787234042553192,""missing_side"":""right"",""outer_background_boundary"":{""accepted"":true,""background"":0.0,""background_mad"":0.0,""boundary_x"":1217.0,""candidate_count"":7,""contrast"":11.5,""inside_level"":11.5,""outside_level"":0.0,""reason"":""sustained-outer-background-transition""},""outer_boundary"":true,""physical_margin_fractions"":{""bottom"":0.0253,""left"":0.0897,""right"":0.4316,""top"":0.0203},""robust_boundary_candidates"":5,""span_gain"":1.7444}},""parameters"":{""minimum_component_area_fraction"":0.0,""minimum_confidence"":0.0,""minimum_page_area_fraction"":0.08,""page_padding_fraction"":0.05},""raw_polygon_count"":12,""selected_area_fraction"":0.7879619706642277,""selected_confidence"":0.99,""upstream_license"":""BSD-3-Clause"",""upstream_repository"":""https://github.com/johnlockejrr/doc-ufcn""},""foundation"":null,""method"":""doc_ufcn_page_mask"",""origin"":"""",""repository"":"""",""score"":0.9924999999999999,""status"":""ok"",""version"":""""},""edge_error_maximum_px"":39,""edge_error_mean_px"":15.25,""edge_errors"":{""bottom"":10,""left"":4,""maximum"":39,""mean"":15.25,""right"":39,""top"":8},""elapsed_ms"":216.162,""global_ordinal"":5,""iou"":0.94684496,""label"":""damaged_partial_register_spread"",""layout_type"":""two_page_spread"",""predicted_bbox"":[63,0,1272,987],""status"":""ok""}"
run-20260902-211535,995bda068f2e,995bda068f2ef436c0591d402433850476bf2cb82d6c0d723dc4812ac5543463,1,995bda068f2e,de29b608905182b32071bc7230edacdee221c5e3f4a9365dfcd0c7860b6adcb3,1,85fa16f9a9085f2d9f1abcf26ea66ce563a0fe1e6fa70cbb849de75d9be25105,5,,8,6,1,1,[],{},7,2.7845980729999837,0.7,6,title_or_index_sheet,single_page,ok,0.93274826,15,28,14,13,17.5,28,37.043,"[15, 28, 1074, 970]","[0, 0, 1088, 983]","{""minimum_component_area_fraction"":0.0,""minimum_confidence"":0.0,""minimum_page_area_fraction"":0.08,""page_padding_fraction"":0.05}",,,"{""legacy_parameter_set_id"":""995bda068f2e"",""parameter_grid_ordinal"":5,""parameter_grid_sha256"":""85fa16f9a9085f2d9f1abcf26ea66ce563a0fe1e6fa70cbb849de75d9be25105"",""parameter_identity_schema_version"":""1"",""parameter_identity_sha256"":""de29b608905182b32071bc7230edacdee221c5e3f4a9365dfcd0c7860b6adcb3"",""parameter_schema_version"":""1"",""parameter_set_equivalence_family_id"":""995bda068f2e"",""parameter_set_equivalence_family_sha256"":""995bda068f2ef436c0591d402433850476bf2cb82d6c0d723dc4812ac5543463"",""parameter_set_equivalence_family_size"":1,""parameter_set_id"":""995bda068f2e"",""parameters"":{""minimum_component_area_fraction"":0.0,""minimum_confidence"":0.0,""minimum_page_area_fraction"":0.08,""page_padding_fraction"":0.05},""profile"":null,""rank"":8,""reference_roles"":[],""requested_search_member"":true,""run_id"":""run-20260902-211535"",""search_observation"":{""completion_index"":7,""elapsed_seconds"":2.7845980729999837,""parameter_set_number"":7,""search_fraction"":0.7},""search_rank"":6,""search_space_member"":true,""summary"":{""elapsed_ms_total"":399.606,""failure_count"":0,""mean_edge_error_px"":30.75,""mean_iou"":0.89064817,""mean_iou_success"":0.89064817,""minimum_iou"":0.85147835,""page_count"":5,""stddev_iou"":0.04063221,""success_count"":5,""wall_ms"":400.29}}","{""approved_bbox"":[15,28,1074,970],""candidate"":{""authors"":null,""bbox"":[0,0,1088,983],""confidence"":0.9775,""corners"":[[1087.0,982.0],[0.0,982.0],[0.0,0.0],[1087.0,0.0]],""detector_name"":"""",""diagnostics"":{""doc_ufcn_version"":""0.2.0rc4"",""evidence"":""doc_ufcn_generic_page_polygon"",""inference_backend"":""doc-ufcn-pytorch"",""input_size"":768,""model_family"":""Doc-UFCN"",""model_id"":""doc-ufcn-generic-page"",""model_sha256"":""ab9036a138c9792d433edd02ac3c744745c0b06f01fc50e973c2b92d9e0dfd83"",""model_source"":""https://huggingface.co/Teklia/doc-ufcn-generic-page/resolve/main/model.pth?download=true"",""padding_arbitration"":{""baseline_padding_fraction"":0.05,""decision"":""requested-padding"",""requested_padding_fraction"":0.05},""page_envelope"":{""decision"":""single-component"",""joined_component_count"":0,""qualifying_component_count"":1,""selected_component_area"":975839.5,""selected_confidence"":0.97,""single_leaf_spread_completion"":{""attempted"":false,""decision"":""already-broad"",""leaf_height_fraction"":0.9521871820956256,""leaf_width_fraction"":0.9696691176470589,""physical_margin_fractions"":{""bottom"":0.0183,""left"":0.0138,""right"":0.0165,""top"":0.0295}}},""parameters"":{""minimum_component_area_fraction"":0.0,""minimum_confidence"":0.0,""minimum_page_area_fraction"":0.08,""page_padding_fraction"":0.05},""raw_polygon_count"":1,""selected_area_fraction"":0.9124224874334271,""selected_confidence"":0.97,""upstream_license"":""BSD-3-Clause"",""upstream_repository"":""https://github.com/johnlockejrr/doc-ufcn""},""foundation"":null,""method"":""doc_ufcn_page_mask"",""origin"":"""",""repository"":"""",""score"":0.9775,""status"":""ok"",""version"":""""},""edge_error_maximum_px"":28,""edge_error_mean_px"":17.5,""edge_errors"":{""bottom"":13,""left"":15,""maximum"":28,""mean"":17.5,""right"":14,""top"":28},""elapsed_ms"":37.043,""global_ordinal"":6,""iou"":0.93274826,""label"":""title_or_index_sheet"",""layout_type"":""single_page"",""predicted_bbox"":[0,0,1088,983],""status"":""ok""}"
run-20260902-211535,995bda068f2e,995bda068f2ef436c0591d402433850476bf2cb82d6c0d723dc4812ac5543463,1,995bda068f2e,de29b608905182b32071bc7230edacdee221c5e3f4a9365dfcd0c7860b6adcb3,1,85fa16f9a9085f2d9f1abcf26ea66ce563a0fe1e6fa70cbb849de75d9be25105,5,,8,6,1,1,[],{},7,2.7845980729999837,0.7,9,clean_two_page_spread,two_page_spread,ok,0.85147835,45,35,43,37,40.0,45,45.426,"[84, 51, 1101, 941]","[39, 16, 1144, 978]","{""minimum_component_area_fraction"":0.0,""minimum_confidence"":0.0,""minimum_page_area_fraction"":0.08,""page_padding_fraction"":0.05}",,,"{""legacy_parameter_set_id"":""995bda068f2e"",""parameter_grid_ordinal"":5,""parameter_grid_sha256"":""85fa16f9a9085f2d9f1abcf26ea66ce563a0fe1e6fa70cbb849de75d9be25105"",""parameter_identity_schema_version"":""1"",""parameter_identity_sha256"":""de29b608905182b32071bc7230edacdee221c5e3f4a9365dfcd0c7860b6adcb3"",""parameter_schema_version"":""1"",""parameter_set_equivalence_family_id"":""995bda068f2e"",""parameter_set_equivalence_family_sha256"":""995bda068f2ef436c0591d402433850476bf2cb82d6c0d723dc4812ac5543463"",""parameter_set_equivalence_family_size"":1,""parameter_set_id"":""995bda068f2e"",""parameters"":{""minimum_component_area_fraction"":0.0,""minimum_confidence"":0.0,""minimum_page_area_fraction"":0.08,""page_padding_fraction"":0.05},""profile"":null,""rank"":8,""reference_roles"":[],""requested_search_member"":true,""run_id"":""run-20260902-211535"",""search_observation"":{""completion_index"":7,""elapsed_seconds"":2.7845980729999837,""parameter_set_number"":7,""search_fraction"":0.7},""search_rank"":6,""search_space_member"":true,""summary"":{""elapsed_ms_total"":399.606,""failure_count"":0,""mean_edge_error_px"":30.75,""mean_iou"":0.89064817,""mean_iou_success"":0.89064817,""minimum_iou"":0.85147835,""page_count"":5,""stddev_iou"":0.04063221,""success_count"":5,""wall_ms"":400.29}}","{""approved_bbox"":[84,51,1101,941],""candidate"":{""authors"":null,""bbox"":[39,16,1144,978],""confidence"":0.9924999999999999,""corners"":[[1143.14990234375,977.6998901367188],[39.8499755859375,977.6998901367188],[39.8499755859375,16.29998779296875],[1143.14990234375,16.29998779296875]],""detector_name"":"""",""diagnostics"":{""doc_ufcn_version"":""0.2.0rc4"",""evidence"":""doc_ufcn_generic_page_polygon"",""inference_backend"":""doc-ufcn-pytorch"",""input_size"":768,""model_family"":""Doc-UFCN"",""model_id"":""doc-ufcn-generic-page"",""model_sha256"":""ab9036a138c9792d433edd02ac3c744745c0b06f01fc50e973c2b92d9e0dfd83"",""model_source"":""https://huggingface.co/Teklia/doc-ufcn-generic-page/resolve/main/model.pth?download=true"",""padding_arbitration"":{""baseline_padding_fraction"":0.05,""decision"":""requested-padding"",""requested_padding_fraction"":0.05},""page_envelope"":{""decision"":""multi-component-spread-envelope"",""joined_component_count"":2,""joined_components"":[{""area_fraction_of_primary"":0.994091415699617,""height_ratio"":0.9965714285714286,""horizontal_center_separation_fraction"":0.3920807453416149,""span_gain"":2.003992015968064,""vertical_overlap"":1.0}],""qualifying_component_count"":2,""selected_component_area"":869386.0,""selected_confidence"":0.99},""parameters"":{""minimum_component_area_fraction"":0.0,""minimum_confidence"":0.0,""minimum_page_area_fraction"":0.08,""page_padding_fraction"":0.05},""raw_polygon_count"":2,""selected_area_fraction"":0.6852681527256677,""selected_confidence"":0.99,""upstream_license"":""BSD-3-Clause"",""upstream_repository"":""https://github.com/johnlockejrr/doc-ufcn""},""foundation"":null,""method"":""doc_ufcn_page_mask"",""origin"":"""",""repository"":"""",""score"":0.9924999999999999,""status"":""ok"",""version"":""""},""edge_error_maximum_px"":45,""edge_error_mean_px"":40.0,""edge_errors"":{""bottom"":37,""left"":45,""maximum"":45,""mean"":40.0,""right"":43,""top"":35},""elapsed_ms"":45.426,""global_ordinal"":9,""iou"":0.85147835,""label"":""clean_two_page_spread"",""layout_type"":""two_page_spread"",""predicted_bbox"":[39,16,1144,978],""status"":""ok""}"
run-20260902-211535,995bda068f2e,995bda068f2ef436c0591d402433850476bf2cb82d6c0d723dc4812ac5543463,1,995bda068f2e,de29b608905182b32071bc7230edacdee221c5e3f4a9365dfcd0c7860b6adcb3,1,85fa16f9a9085f2d9f1abcf26ea66ce563a0fe1e6fa70cbb849de75d9be25105,5,,8,6,1,1,[],{},7,2.7845980729999837,0.7,10,clean_two_page_spread_2,two_page_spread,ok,0.86567307,50,33,47,22,38.0,50,49.079,"[88, 33, 1154, 968]","[38, 0, 1201, 990]","{""minimum_component_area_fraction"":0.0,""minimum_confidence"":0.0,""minimum_page_area_fraction"":0.08,""page_padding_fraction"":0.05}",,,"{""legacy_parameter_set_id"":""995bda068f2e"",""parameter_grid_ordinal"":5,""parameter_grid_sha256"":""85fa16f9a9085f2d9f1abcf26ea66ce563a0fe1e6fa70cbb849de75d9be25105"",""parameter_identity_schema_version"":""1"",""parameter_identity_sha256"":""de29b608905182b32071bc7230edacdee221c5e3f4a9365dfcd0c7860b6adcb3"",""parameter_schema_version"":""1"",""parameter_set_equivalence_family_id"":""995bda068f2e"",""parameter_set_equivalence_family_sha256"":""995bda068f2ef436c0591d402433850476bf2cb82d6c0d723dc4812ac5543463"",""parameter_set_equivalence_family_size"":1,""parameter_set_id"":""995bda068f2e"",""parameters"":{""minimum_component_area_fraction"":0.0,""minimum_confidence"":0.0,""minimum_page_area_fraction"":0.08,""page_padding_fraction"":0.05},""profile"":null,""rank"":8,""reference_roles"":[],""requested_search_member"":true,""run_id"":""run-20260902-211535"",""search_observation"":{""completion_index"":7,""elapsed_seconds"":2.7845980729999837,""parameter_set_number"":7,""search_fraction"":0.7},""search_rank"":6,""search_space_member"":true,""summary"":{""elapsed_ms_total"":399.606,""failure_count"":0,""mean_edge_error_px"":30.75,""mean_iou"":0.89064817,""mean_iou_success"":0.89064817,""minimum_iou"":0.85147835,""page_count"":5,""stddev_iou"":0.04063221,""success_count"":5,""wall_ms"":400.29}}","{""approved_bbox"":[88,33,1154,968],""candidate"":{""authors"":null,""bbox"":[38,0,1201,990],""confidence"":0.9924999999999999,""corners"":[[42.54974365234375,989.0],[38.8392333984375,0.0],[1196.48193359375,0.0],[1200.1923828125,989.0]],""detector_name"":"""",""diagnostics"":{""doc_ufcn_version"":""0.2.0rc4"",""evidence"":""doc_ufcn_generic_page_polygon"",""inference_backend"":""doc-ufcn-pytorch"",""input_size"":768,""model_family"":""Doc-UFCN"",""model_id"":""doc-ufcn-generic-page"",""model_sha256"":""ab9036a138c9792d433edd02ac3c744745c0b06f01fc50e973c2b92d9e0dfd83"",""model_source"":""https://huggingface.co/Teklia/doc-ufcn-generic-page/resolve/main/model.pth?download=true"",""padding_arbitration"":{""baseline_padding_fraction"":0.05,""decision"":""requested-padding"",""requested_padding_fraction"":0.05},""page_envelope"":{""decision"":""single-component"",""joined_component_count"":0,""qualifying_component_count"":1,""selected_component_area"":944388.5,""selected_confidence"":0.99,""single_leaf_spread_completion"":{""attempted"":false,""decision"":""already-broad"",""leaf_height_fraction"":0.9272727272727272,""leaf_width_fraction"":0.832807570977918,""physical_margin_fractions"":{""bottom"":0.0333,""left"":0.0726,""right"":0.0946,""top"":0.0394}}},""parameters"":{""minimum_component_area_fraction"":0.0,""minimum_confidence"":0.0,""minimum_page_area_fraction"":0.08,""page_padding_fraction"":0.05},""raw_polygon_count"":1,""selected_area_fraction"":0.7523089730108657,""selected_confidence"":0.99,""upstream_license"":""BSD-3-Clause"",""upstream_repository"":""https://github.com/johnlockejrr/doc-ufcn""},""foundation"":null,""method"":""doc_ufcn_page_mask"",""origin"":"""",""repository"":"""",""score"":0.9924999999999999,""status"":""ok"",""version"":""""},""edge_error_maximum_px"":50,""edge_error_mean_px"":38.0,""edge_errors"":{""bottom"":22,""left"":50,""maximum"":50,""mean"":38.0,""right"":47,""top"":33},""elapsed_ms"":49.079,""global_ordinal"":10,""iou"":0.86567307,""label"":""clean_two_page_spread_2"",""layout_type"":""two_page_spread"",""predicted_bbox"":[38,0,1201,990],""status"":""ok""}"
run-20260902-211535,26ca73e2e572,26ca73e2e57286a8f18611a23929dd0b7754f524e1a8f389fb5e158fec4515ad,1,26ca73e2e572,e2e22e4981a9e32a3ee49e608178c41f953071100ed623934149132d931ec2d4,1,85fa16f9a9085f2d9f1abcf26ea66ce563a0fe1e6fa70cbb849de75d9be25105,6,,9,7,1,1,[],{},8,3.1736039029999574,0.8,1,ordinary_two_page_spread,two_page_spread,ok,0.8342563,73,47,64,19,50.75,73,49.717,"[125, 56, 1289, 967]","[52, 9, 1353, 986]","{""minimum_component_area_fraction"":0.0,""minimum_confidence"":0.0,""minimum_page_area_fraction"":0.08,""page_padding_fraction"":0.06}",,,"{""legacy_parameter_set_id"":""26ca73e2e572"",""parameter_grid_ordinal"":6,""parameter_grid_sha256"":""85fa16f9a9085f2d9f1abcf26ea66ce563a0fe1e6fa70cbb849de75d9be25105"",""parameter_identity_schema_version"":""1"",""parameter_identity_sha256"":""e2e22e4981a9e32a3ee49e608178c41f953071100ed623934149132d931ec2d4"",""parameter_schema_version"":""1"",""parameter_set_equivalence_family_id"":""26ca73e2e572"",""parameter_set_equivalence_family_sha256"":""26ca73e2e57286a8f18611a23929dd0b7754f524e1a8f389fb5e158fec4515ad"",""parameter_set_equivalence_family_size"":1,""parameter_set_id"":""26ca73e2e572"",""parameters"":{""minimum_component_area_fraction"":0.0,""minimum_confidence"":0.0,""minimum_page_area_fraction"":0.08,""page_padding_fraction"":0.06},""profile"":null,""rank"":9,""reference_roles"":[],""requested_search_member"":true,""run_id"":""run-20260902-211535"",""search_observation"":{""completion_index"":8,""elapsed_seconds"":3.1736039029999574,""parameter_set_number"":8,""search_fraction"":0.8},""search_rank"":7,""search_space_member"":true,""summary"":{""elapsed_ms_total"":382.024,""failure_count"":0,""mean_edge_error_px"":36.2,""mean_iou"":0.87412484,""mean_iou_success"":0.87412484,""minimum_iou"":0.82265849,""page_count"":5,""stddev_iou"":0.04758459,""success_count"":5,""wall_ms"":388.689}}","{""approved_bbox"":[125,56,1289,967],""candidate"":{""authors"":null,""bbox"":[52,9,1353,986],""confidence"":0.9924999999999999,""corners"":[[1352.65966796875,985.0],[52.34002685546875,985.0],[52.34002685546875,9.480010986328125],[1352.65966796875,9.480010986328125]],""detector_name"":"""",""diagnostics"":{""doc_ufcn_version"":""0.2.0rc4"",""evidence"":""doc_ufcn_generic_page_polygon"",""inference_backend"":""doc-ufcn-pytorch"",""input_size"":768,""model_family"":""Doc-UFCN"",""model_id"":""doc-ufcn-generic-page"",""model_sha256"":""ab9036a138c9792d433edd02ac3c744745c0b06f01fc50e973c2b92d9e0dfd83"",""model_source"":""https://huggingface.co/Teklia/doc-ufcn-generic-page/resolve/main/model.pth?download=true"",""padding_arbitration"":{""baseline_padding_fraction"":0.05,""decision"":""requested-padding"",""requested_padding_fraction"":0.06},""page_envelope"":{""decision"":""multi-component-spread-envelope"",""joined_component_count"":2,""joined_components"":[{""area_fraction_of_primary"":0.9887496048885811,""height_ratio"":1.0,""horizontal_center_separation_fraction"":0.4240231548480463,""span_gain"":2.0138648180242633,""vertical_overlap"":1.0}],""qualifying_component_count"":2,""selected_component_area"":1026928.5,""selected_confidence"":0.99},""parameters"":{""minimum_component_area_fraction"":0.0,""minimum_confidence"":0.0,""minimum_page_area_fraction"":0.08,""page_padding_fraction"":0.06},""raw_polygon_count"":2,""selected_area_fraction"":0.7536249167065399,""selected_confidence"":0.99,""upstream_license"":""BSD-3-Clause"",""upstream_repository"":""https://github.com/johnlockejrr/doc-ufcn""},""foundation"":null,""method"":""doc_ufcn_page_mask"",""origin"":"""",""repository"":"""",""score"":0.9924999999999999,""status"":""ok"",""version"":""""},""edge_error_maximum_px"":73,""edge_error_mean_px"":50.75,""edge_errors"":{""bottom"":19,""left"":73,""maximum"":73,""mean"":50.75,""right"":64,""top"":47},""elapsed_ms"":49.717,""global_ordinal"":1,""iou"":0.8342563,""label"":""ordinary_two_page_spread"",""layout_type"":""two_page_spread"",""predicted_bbox"":[52,9,1353,986],""status"":""ok""}"
run-20260902-211535,26ca73e2e572,26ca73e2e57286a8f18611a23929dd0b7754f524e1a8f389fb5e158fec4515ad,1,26ca73e2e572,e2e22e4981a9e32a3ee49e608178c41f953071100ed623934149132d931ec2d4,1,85fa16f9a9085f2d9f1abcf26ea66ce563a0fe1e6fa70cbb849de75d9be25105,6,,9,7,1,1,[],{},8,3.1736039029999574,0.8,5,damaged_partial_register_spread,two_page_spread,ok,0.92992328,15,8,50,10,20.75,50,199.586,"[67, 8, 1233, 977]","[52, 0, 1283, 987]","{""minimum_component_area_fraction"":0.0,""minimum_confidence"":0.0,""minimum_page_area_fraction"":0.08,""page_padding_fraction"":0.06}",,,"{""legacy_parameter_set_id"":""26ca73e2e572"",""parameter_grid_ordinal"":6,""parameter_grid_sha256"":""85fa16f9a9085f2d9f1abcf26ea66ce563a0fe1e6fa70cbb849de75d9be25105"",""parameter_identity_schema_version"":""1"",""parameter_identity_sha256"":""e2e22e4981a9e32a3ee49e608178c41f953071100ed623934149132d931ec2d4"",""parameter_schema_version"":""1"",""parameter_set_equivalence_family_id"":""26ca73e2e572"",""parameter_set_equivalence_family_sha256"":""26ca73e2e57286a8f18611a23929dd0b7754f524e1a8f389fb5e158fec4515ad"",""parameter_set_equivalence_family_size"":1,""parameter_set_id"":""26ca73e2e572"",""parameters"":{""minimum_component_area_fraction"":0.0,""minimum_confidence"":0.0,""minimum_page_area_fraction"":0.08,""page_padding_fraction"":0.06},""profile"":null,""rank"":9,""reference_roles"":[],""requested_search_member"":true,""run_id"":""run-20260902-211535"",""search_observation"":{""completion_index"":8,""elapsed_seconds"":3.1736039029999574,""parameter_set_number"":8,""search_fraction"":0.8},""search_rank"":7,""search_space_member"":true,""summary"":{""elapsed_ms_total"":382.024,""failure_count"":0,""mean_edge_error_px"":36.2,""mean_iou"":0.87412484,""mean_iou_success"":0.87412484,""minimum_iou"":0.82265849,""page_count"":5,""stddev_iou"":0.04758459,""success_count"":5,""wall_ms"":388.689}}","{""approved_bbox"":[67,8,1233,977],""candidate"":{""authors"":null,""bbox"":[52,0,1283,987],""confidence"":0.9924999999999999,""corners"":[[1282.93994140625,986.0],[52.05999755859375,986.0],[52.05999755859375,0.0],[1282.93994140625,0.0]],""detector_name"":"""",""diagnostics"":{""doc_ufcn_version"":""0.2.0rc4"",""evidence"":""doc_ufcn_generic_page_polygon"",""inference_backend"":""doc-ufcn-pytorch"",""input_size"":768,""model_family"":""Doc-UFCN"",""model_id"":""doc-ufcn-generic-page"",""model_sha256"":""ab9036a138c9792d433edd02ac3c744745c0b06f01fc50e973c2b92d9e0dfd83"",""model_source"":""https://huggingface.co/Teklia/doc-ufcn-generic-page/resolve/main/model.pth?download=true"",""padding_arbitration"":{""baseline_padding_fraction"":0.05,""decision"":""requested-padding"",""requested_padding_fraction"":0.06},""page_envelope"":{""decision"":""image-supported-single-leaf-spread-completion"",""joined_component_count"":0,""qualifying_component_count"":12,""selected_component_area"":1023477.5,""selected_confidence"":0.99,""single_leaf_spread_completion"":{""attempted"":true,""boundary_background"":23.0,""boundary_contrast_ratio"":1.8696,""boundary_mad"":6.5,""boundary_score"":43.0,""boundary_selection"":""outer-background-transition"",""boundary_threshold"":42.5,""boundary_x"":1217.0,""completed_area"":1023477.5,""completed_bounds"":[118.0,20.0,1217.0,962.0],""decision"":""image-supported-single-leaf-spread-completion"",""leaf_height_fraction"":0.9544072948328267,""leaf_width_fraction"":0.4787234042553192,""missing_side"":""right"",""outer_background_boundary"":{""accepted"":true,""background"":0.0,""background_mad"":0.0,""boundary_x"":1217.0,""candidate_count"":7,""contrast"":11.5,""inside_level"":11.5,""outside_level"":0.0,""reason"":""sustained-outer-background-transition""},""outer_boundary"":true,""physical_margin_fractions"":{""bottom"":0.0253,""left"":0.0897,""right"":0.4316,""top"":0.0203},""robust_boundary_candidates"":5,""span_gain"":1.7444}},""parameters"":{""minimum_component_area_fraction"":0.0,""minimum_confidence"":0.0,""minimum_page_area_fraction"":0.08,""page_padding_fraction"":0.06},""raw_polygon_count"":12,""selected_area_fraction"":0.7879619706642277,""selected_confidence"":0.99,""upstream_license"":""BSD-3-Clause"",""upstream_repository"":""https://github.com/johnlockejrr/doc-ufcn""},""foundation"":null,""method"":""doc_ufcn_page_mask"",""origin"":"""",""repository"":"""",""score"":0.9924999999999999,""status"":""ok"",""version"":""""},""edge_error_maximum_px"":50,""edge_error_mean_px"":20.75,""edge_errors"":{""bottom"":10,""left"":15,""maximum"":50,""mean"":20.75,""right"":50,""top"":8},""elapsed_ms"":199.586,""global_ordinal"":5,""iou"":0.92992328,""label"":""damaged_partial_register_spread"",""layout_type"":""two_page_spread"",""predicted_bbox"":[52,0,1283,987],""status"":""ok""}"
run-20260902-211535,26ca73e2e572,26ca73e2e57286a8f18611a23929dd0b7754f524e1a8f389fb5e158fec4515ad,1,26ca73e2e572,e2e22e4981a9e32a3ee49e608178c41f953071100ed623934149132d931ec2d4,1,85fa16f9a9085f2d9f1abcf26ea66ce563a0fe1e6fa70cbb849de75d9be25105,6,,9,7,1,1,[],{},8,3.1736039029999574,0.8,6,title_or_index_sheet,single_page,ok,0.93274826,15,28,14,13,17.5,28,42.42,"[15, 28, 1074, 970]","[0, 0, 1088, 983]","{""minimum_component_area_fraction"":0.0,""minimum_confidence"":0.0,""minimum_page_area_fraction"":0.08,""page_padding_fraction"":0.06}",,,"{""legacy_parameter_set_id"":""26ca73e2e572"",""parameter_grid_ordinal"":6,""parameter_grid_sha256"":""85fa16f9a9085f2d9f1abcf26ea66ce563a0fe1e6fa70cbb849de75d9be25105"",""parameter_identity_schema_version"":""1"",""parameter_identity_sha256"":""e2e22e4981a9e32a3ee49e608178c41f953071100ed623934149132d931ec2d4"",""parameter_schema_version"":""1"",""parameter_set_equivalence_family_id"":""26ca73e2e572"",""parameter_set_equivalence_family_sha256"":""26ca73e2e57286a8f18611a23929dd0b7754f524e1a8f389fb5e158fec4515ad"",""parameter_set_equivalence_family_size"":1,""parameter_set_id"":""26ca73e2e572"",""parameters"":{""minimum_component_area_fraction"":0.0,""minimum_confidence"":0.0,""minimum_page_area_fraction"":0.08,""page_padding_fraction"":0.06},""profile"":null,""rank"":9,""reference_roles"":[],""requested_search_member"":true,""run_id"":""run-20260902-211535"",""search_observation"":{""completion_index"":8,""elapsed_seconds"":3.1736039029999574,""parameter_set_number"":8,""search_fraction"":0.8},""search_rank"":7,""search_space_member"":true,""summary"":{""elapsed_ms_total"":382.024,""failure_count"":0,""mean_edge_error_px"":36.2,""mean_iou"":0.87412484,""mean_iou_success"":0.87412484,""minimum_iou"":0.82265849,""page_count"":5,""stddev_iou"":0.04758459,""success_count"":5,""wall_ms"":388.689}}","{""approved_bbox"":[15,28,1074,970],""candidate"":{""authors"":null,""bbox"":[0,0,1088,983],""confidence"":0.9775,""corners"":[[1087.0,982.0],[0.0,982.0],[0.0,0.0],[1087.0,0.0]],""detector_name"":"""",""diagnostics"":{""doc_ufcn_version"":""0.2.0rc4"",""evidence"":""doc_ufcn_generic_page_polygon"",""inference_backend"":""doc-ufcn-pytorch"",""input_size"":768,""model_family"":""Doc-UFCN"",""model_id"":""doc-ufcn-generic-page"",""model_sha256"":""ab9036a138c9792d433edd02ac3c744745c0b06f01fc50e973c2b92d9e0dfd83"",""model_source"":""https://huggingface.co/Teklia/doc-ufcn-generic-page/resolve/main/model.pth?download=true"",""padding_arbitration"":{""baseline_padding_fraction"":0.05,""decision"":""requested-padding"",""requested_padding_fraction"":0.06},""page_envelope"":{""decision"":""single-component"",""joined_component_count"":0,""qualifying_component_count"":1,""selected_component_area"":975839.5,""selected_confidence"":0.97,""single_leaf_spread_completion"":{""attempted"":false,""decision"":""already-broad"",""leaf_height_fraction"":0.9521871820956256,""leaf_width_fraction"":0.9696691176470589,""physical_margin_fractions"":{""bottom"":0.0183,""left"":0.0138,""right"":0.0165,""top"":0.0295}}},""parameters"":{""minimum_component_area_fraction"":0.0,""minimum_confidence"":0.0,""minimum_page_area_fraction"":0.08,""page_padding_fraction"":0.06},""raw_polygon_count"":1,""selected_area_fraction"":0.9124224874334271,""selected_confidence"":0.97,""upstream_license"":""BSD-3-Clause"",""upstream_repository"":""https://github.com/johnlockejrr/doc-ufcn""},""foundation"":null,""method"":""doc_ufcn_page_mask"",""origin"":"""",""repository"":"""",""score"":0.9775,""status"":""ok"",""version"":""""},""edge_error_maximum_px"":28,""edge_error_mean_px"":17.5,""edge_errors"":{""bottom"":13,""left"":15,""maximum"":28,""mean"":17.5,""right"":14,""top"":28},""elapsed_ms"":42.42,""global_ordinal"":6,""iou"":0.93274826,""label"":""title_or_index_sheet"",""layout_type"":""single_page"",""predicted_bbox"":[0,0,1088,983],""status"":""ok""}"
run-20260902-211535,26ca73e2e572,26ca73e2e57286a8f18611a23929dd0b7754f524e1a8f389fb5e158fec4515ad,1,26ca73e2e572,e2e22e4981a9e32a3ee49e608178c41f953071100ed623934149132d931ec2d4,1,85fa16f9a9085f2d9f1abcf26ea66ce563a0fe1e6fa70cbb849de75d9be25105,6,,9,7,1,1,[],{},8,3.1736039029999574,0.8,9,clean_two_page_spread,two_page_spread,ok,0.82265849,55,44,53,44,49.0,55,45.545,"[84, 51, 1101, 941]","[29, 7, 1154, 985]","{""minimum_component_area_fraction"":0.0,""minimum_confidence"":0.0,""minimum_page_area_fraction"":0.08,""page_padding_fraction"":0.06}",,,"{""legacy_parameter_set_id"":""26ca73e2e572"",""parameter_grid_ordinal"":6,""parameter_grid_sha256"":""85fa16f9a9085f2d9f1abcf26ea66ce563a0fe1e6fa70cbb849de75d9be25105"",""parameter_identity_schema_version"":""1"",""parameter_identity_sha256"":""e2e22e4981a9e32a3ee49e608178c41f953071100ed623934149132d931ec2d4"",""parameter_schema_version"":""1"",""parameter_set_equivalence_family_id"":""26ca73e2e572"",""parameter_set_equivalence_family_sha256"":""26ca73e2e57286a8f18611a23929dd0b7754f524e1a8f389fb5e158fec4515ad"",""parameter_set_equivalence_family_size"":1,""parameter_set_id"":""26ca73e2e572"",""parameters"":{""minimum_component_area_fraction"":0.0,""minimum_confidence"":0.0,""minimum_page_area_fraction"":0.08,""page_padding_fraction"":0.06},""profile"":null,""rank"":9,""reference_roles"":[],""requested_search_member"":true,""run_id"":""run-20260902-211535"",""search_observation"":{""completion_index"":8,""elapsed_seconds"":3.1736039029999574,""parameter_set_number"":8,""search_fraction"":0.8},""search_rank"":7,""search_space_member"":true,""summary"":{""elapsed_ms_total"":382.024,""failure_count"":0,""mean_edge_error_px"":36.2,""mean_iou"":0.87412484,""mean_iou_success"":0.87412484,""minimum_iou"":0.82265849,""page_count"":5,""stddev_iou"":0.04758459,""success_count"":5,""wall_ms"":388.689}}","{""approved_bbox"":[84,51,1101,941],""candidate"":{""authors"":null,""bbox"":[29,7,1154,985],""confidence"":0.9924999999999999,""corners"":[[1153.179931640625,984.0],[29.82000732421875,984.0],[29.82000732421875,7.55999755859375],[1153.179931640625,7.55999755859375]],""detector_name"":"""",""diagnostics"":{""doc_ufcn_version"":""0.2.0rc4"",""evidence"":""doc_ufcn_generic_page_polygon"",""inference_backend"":""doc-ufcn-pytorch"",""input_size"":768,""model_family"":""Doc-UFCN"",""model_id"":""doc-ufcn-generic-page"",""model_sha256"":""ab9036a138c9792d433edd02ac3c744745c0b06f01fc50e973c2b92d9e0dfd83"",""model_source"":""https://huggingface.co/Teklia/doc-ufcn-generic-page/resolve/main/model.pth?download=true"",""padding_arbitration"":{""baseline_padding_fraction"":0.05,""decision"":""requested-padding"",""requested_padding_fraction"":0.06},""page_envelope"":{""decision"":""multi-component-spread-envelope"",""joined_component_count"":2,""joined_components"":[{""area_fraction_of_primary"":0.994091415699617,""height_ratio"":0.9965714285714286,""horizontal_center_separation_fraction"":0.3920807453416149,""span_gain"":2.003992015968064,""vertical_overlap"":1.0}],""qualifying_component_count"":2,""selected_component_area"":869386.0,""selected_confidence"":0.99},""parameters"":{""minimum_component_area_fraction"":0.0,""minimum_confidence"":0.0,""minimum_page_area_fraction"":0.08,""page_padding_fraction"":0.06},""raw_polygon_count"":2,""selected_area_fraction"":0.6852681527256677,""selected_confidence"":0.99,""upstream_license"":""BSD-3-Clause"",""upstream_repository"":""https://github.com/johnlockejrr/doc-ufcn""},""foundation"":null,""method"":""doc_ufcn_page_mask"",""origin"":"""",""repository"":"""",""score"":0.9924999999999999,""status"":""ok"",""version"":""""},""edge_error_maximum_px"":55,""edge_error_mean_px"":49.0,""edge_errors"":{""bottom"":44,""left"":55,""maximum"":55,""mean"":49.0,""right"":53,""top"":44},""elapsed_ms"":45.545,""global_ordinal"":9,""iou"":0.82265849,""label"":""clean_two_page_spread"",""layout_type"":""two_page_spread"",""predicted_bbox"":[29,7,1154,985],""status"":""ok""}"
run-20260902-211535,26ca73e2e572,26ca73e2e57286a8f18611a23929dd0b7754f524e1a8f389fb5e158fec4515ad,1,26ca73e2e572,e2e22e4981a9e32a3ee49e608178c41f953071100ed623934149132d931ec2d4,1,85fa16f9a9085f2d9f1abcf26ea66ce563a0fe1e6fa70cbb849de75d9be25105,6,,9,7,1,1,[],{},8,3.1736039029999574,0.8,10,clean_two_page_spread_2,two_page_spread,ok,0.85103785,60,33,57,22,43.0,60,44.756,"[88, 33, 1154, 968]","[28, 0, 1211, 990]","{""minimum_component_area_fraction"":0.0,""minimum_confidence"":0.0,""minimum_page_area_fraction"":0.08,""page_padding_fraction"":0.06}",,,"{""legacy_parameter_set_id"":""26ca73e2e572"",""parameter_grid_ordinal"":6,""parameter_grid_sha256"":""85fa16f9a9085f2d9f1abcf26ea66ce563a0fe1e6fa70cbb849de75d9be25105"",""parameter_identity_schema_version"":""1"",""parameter_identity_sha256"":""e2e22e4981a9e32a3ee49e608178c41f953071100ed623934149132d931ec2d4"",""parameter_schema_version"":""1"",""parameter_set_equivalence_family_id"":""26ca73e2e572"",""parameter_set_equivalence_family_sha256"":""26ca73e2e57286a8f18611a23929dd0b7754f524e1a8f389fb5e158fec4515ad"",""parameter_set_equivalence_family_size"":1,""parameter_set_id"":""26ca73e2e572"",""parameters"":{""minimum_component_area_fraction"":0.0,""minimum_confidence"":0.0,""minimum_page_area_fraction"":0.08,""page_padding_fraction"":0.06},""profile"":null,""rank"":9,""reference_roles"":[],""requested_search_member"":true,""run_id"":""run-20260902-211535"",""search_observation"":{""completion_index"":8,""elapsed_seconds"":3.1736039029999574,""parameter_set_number"":8,""search_fraction"":0.8},""search_rank"":7,""search_space_member"":true,""summary"":{""elapsed_ms_total"":382.024,""failure_count"":0,""mean_edge_error_px"":36.2,""mean_iou"":0.87412484,""mean_iou_success"":0.87412484,""minimum_iou"":0.82265849,""page_count"":5,""stddev_iou"":0.04758459,""success_count"":5,""wall_ms"":388.689}}","{""approved_bbox"":[88,33,1154,968],""candidate"":{""authors"":null,""bbox"":[28,0,1211,990],""confidence"":0.9924999999999999,""corners"":[[32.0594482421875,989.0],[28.281494140625,0.0],[1206.97216796875,0.0],[1210.7501220703125,989.0]],""detector_name"":"""",""diagnostics"":{""doc_ufcn_version"":""0.2.0rc4"",""evidence"":""doc_ufcn_generic_page_polygon"",""inference_backend"":""doc-ufcn-pytorch"",""input_size"":768,""model_family"":""Doc-UFCN"",""model_id"":""doc-ufcn-generic-page"",""model_sha256"":""ab9036a138c9792d433edd02ac3c744745c0b06f01fc50e973c2b92d9e0dfd83"",""model_source"":""https://huggingface.co/Teklia/doc-ufcn-generic-page/resolve/main/model.pth?download=true"",""padding_arbitration"":{""baseline_padding_fraction"":0.05,""decision"":""requested-padding"",""requested_padding_fraction"":0.06},""page_envelope"":{""decision"":""single-component"",""joined_component_count"":0,""qualifying_component_count"":1,""selected_component_area"":944388.5,""selected_confidence"":0.99,""single_leaf_spread_completion"":{""attempted"":false,""decision"":""already-broad"",""leaf_height_fraction"":0.9272727272727272,""leaf_width_fraction"":0.832807570977918,""physical_margin_fractions"":{""bottom"":0.0333,""left"":0.0726,""right"":0.0946,""top"":0.0394}}},""parameters"":{""minimum_component_area_fraction"":0.0,""minimum_confidence"":0.0,""minimum_page_area_fraction"":0.08,""page_padding_fraction"":0.06},""raw_polygon_count"":1,""selected_area_fraction"":0.7523089730108657,""selected_confidence"":0.99,""upstream_license"":""BSD-3-Clause"",""upstream_repository"":""https://github.com/johnlockejrr/doc-ufcn""},""foundation"":null,""method"":""doc_ufcn_page_mask"",""origin"":"""",""repository"":"""",""score"":0.9924999999999999,""status"":""ok"",""version"":""""},""edge_error_maximum_px"":60,""edge_error_mean_px"":43.0,""edge_errors"":{""bottom"":22,""left"":60,""maximum"":60,""mean"":43.0,""right"":57,""top"":33},""elapsed_ms"":44.756,""global_ordinal"":10,""iou"":0.85103785,""label"":""clean_two_page_spread_2"",""layout_type"":""two_page_spread"",""predicted_bbox"":[28,0,1211,990],""status"":""ok""}"
run-20260902-211535,167f4af12341,167f4af123416a83f6eb2707eeab66024243fb5f102d2c6a5860210abeec6893,1,167f4af12341,e3756e7556cec8a406f46274510c5e279da0338c659d96c5a387a62331e2f6bd,1,85fa16f9a9085f2d9f1abcf26ea66ce563a0fe1e6fa70cbb849de75d9be25105,7,,10,8,1,1,[],{},10,3.4943102910000334,1.0,1,ordinary_two_page_spread,two_page_spread,ok,0.79841162,96,56,87,19,64.5,96,47.682,"[125, 56, 1289, 967]","[29, 0, 1376, 986]","{""minimum_component_area_fraction"":0.0,""minimum_confidence"":0.0,""minimum_page_area_fraction"":0.08,""page_padding_fraction"":0.08}",,,"{""legacy_parameter_set_id"":""167f4af12341"",""parameter_grid_ordinal"":7,""parameter_grid_sha256"":""85fa16f9a9085f2d9f1abcf26ea66ce563a0fe1e6fa70cbb849de75d9be25105"",""parameter_identity_schema_version"":""1"",""parameter_identity_sha256"":""e3756e7556cec8a406f46274510c5e279da0338c659d96c5a387a62331e2f6bd"",""parameter_schema_version"":""1"",""parameter_set_equivalence_family_id"":""167f4af12341"",""parameter_set_equivalence_family_sha256"":""167f4af123416a83f6eb2707eeab66024243fb5f102d2c6a5860210abeec6893"",""parameter_set_equivalence_family_size"":1,""parameter_set_id"":""167f4af12341"",""parameters"":{""minimum_component_area_fraction"":0.0,""minimum_confidence"":0.0,""minimum_page_area_fraction"":0.08,""page_padding_fraction"":0.08},""profile"":null,""rank"":10,""reference_roles"":[],""requested_search_member"":true,""run_id"":""run-20260902-211535"",""search_observation"":{""completion_index"":10,""elapsed_seconds"":3.4943102910000334,""parameter_set_number"":10,""search_fraction"":1.0},""search_rank"":8,""search_space_member"":true,""summary"":{""elapsed_ms_total"":316.61,""failure_count"":0,""mean_edge_error_px"":45.6,""mean_iou"":0.84792365,""mean_iou_success"":0.84792365,""minimum_iou"":0.78876713,""page_count"":5,""stddev_iou"":0.05712498,""success_count"":5,""wall_ms"":323.291}}","{""approved_bbox"":[125,56,1289,967],""candidate"":{""authors"":null,""bbox"":[29,0,1376,986],""confidence"":0.9924999999999999,""corners"":[[1375.879638671875,985.0],[29.12005615234375,985.0],[29.12005615234375,0.0],[1375.879638671875,0.0]],""detector_name"":"""",""diagnostics"":{""doc_ufcn_version"":""0.2.0rc4"",""evidence"":""doc_ufcn_generic_page_polygon"",""inference_backend"":""doc-ufcn-pytorch"",""input_size"":768,""model_family"":""Doc-UFCN"",""model_id"":""doc-ufcn-generic-page"",""model_sha256"":""ab9036a138c9792d433edd02ac3c744745c0b06f01fc50e973c2b92d9e0dfd83"",""model_source"":""https://huggingface.co/Teklia/doc-ufcn-generic-page/resolve/main/model.pth?download=true"",""padding_arbitration"":{""baseline_padding_fraction"":0.05,""decision"":""requested-padding"",""requested_padding_fraction"":0.08},""page_envelope"":{""decision"":""multi-component-spread-envelope"",""joined_component_count"":2,""joined_components"":[{""area_fraction_of_primary"":0.9887496048885811,""height_ratio"":1.0,""horizontal_center_separation_fraction"":0.4240231548480463,""span_gain"":2.0138648180242633,""vertical_overlap"":1.0}],""qualifying_component_count"":2,""selected_component_area"":1026928.5,""selected_confidence"":0.99},""parameters"":{""minimum_component_area_fraction"":0.0,""minimum_confidence"":0.0,""minimum_page_area_fraction"":0.08,""page_padding_fraction"":0.08},""raw_polygon_count"":2,""selected_area_fraction"":0.7536249167065399,""selected_confidence"":0.99,""upstream_license"":""BSD-3-Clause"",""upstream_repository"":""https://github.com/johnlockejrr/doc-ufcn""},""foundation"":null,""method"":""doc_ufcn_page_mask"",""origin"":"""",""repository"":"""",""score"":0.9924999999999999,""status"":""ok"",""version"":""""},""edge_error_maximum_px"":96,""edge_error_mean_px"":64.5,""edge_errors"":{""bottom"":19,""left"":96,""maximum"":96,""mean"":64.5,""right"":87,""top"":56},""elapsed_ms"":47.682,""global_ordinal"":1,""iou"":0.79841162,""label"":""ordinary_two_page_spread"",""layout_type"":""two_page_spread"",""predicted_bbox"":[29,0,1376,986],""status"":""ok""}"
run-20260902-211535,167f4af12341,167f4af123416a83f6eb2707eeab66024243fb5f102d2c6a5860210abeec6893,1,167f4af12341,e3756e7556cec8a406f46274510c5e279da0338c659d96c5a387a62331e2f6bd,1,85fa16f9a9085f2d9f1abcf26ea66ce563a0fe1e6fa70cbb849de75d9be25105,7,,10,8,1,1,[],{},10,3.4943102910000334,1.0,5,damaged_partial_register_spread,two_page_spread,ok,0.89783181,37,8,72,10,31.75,72,179.029,"[67, 8, 1233, 977]","[30, 0, 1305, 987]","{""minimum_component_area_fraction"":0.0,""minimum_confidence"":0.0,""minimum_page_area_fraction"":0.08,""page_padding_fraction"":0.08}",,,"{""legacy_parameter_set_id"":""167f4af12341"",""parameter_grid_ordinal"":7,""parameter_grid_sha256"":""85fa16f9a9085f2d9f1abcf26ea66ce563a0fe1e6fa70cbb849de75d9be25105"",""parameter_identity_schema_version"":""1"",""parameter_identity_sha256"":""e3756e7556cec8a406f46274510c5e279da0338c659d96c5a387a62331e2f6bd"",""parameter_schema_version"":""1"",""parameter_set_equivalence_family_id"":""167f4af12341"",""parameter_set_equivalence_family_sha256"":""167f4af123416a83f6eb2707eeab66024243fb5f102d2c6a5860210abeec6893"",""parameter_set_equivalence_family_size"":1,""parameter_set_id"":""167f4af12341"",""parameters"":{""minimum_component_area_fraction"":0.0,""minimum_confidence"":0.0,""minimum_page_area_fraction"":0.08,""page_padding_fraction"":0.08},""profile"":null,""rank"":10,""reference_roles"":[],""requested_search_member"":true,""run_id"":""run-20260902-211535"",""search_observation"":{""completion_index"":10,""elapsed_seconds"":3.4943102910000334,""parameter_set_number"":10,""search_fraction"":1.0},""search_rank"":8,""search_space_member"":true,""summary"":{""elapsed_ms_total"":316.61,""failure_count"":0,""mean_edge_error_px"":45.6,""mean_iou"":0.84792365,""mean_iou_success"":0.84792365,""minimum_iou"":0.78876713,""page_count"":5,""stddev_iou"":0.05712498,""success_count"":5,""wall_ms"":323.291}}","{""approved_bbox"":[67,8,1233,977],""candidate"":{""authors"":null,""bbox"":[30,0,1305,987],""confidence"":0.9924999999999999,""corners"":[[1304.919921875,986.0],[30.08001708984375,986.0],[30.08001708984375,0.0],[1304.919921875,0.0]],""detector_name"":"""",""diagnostics"":{""doc_ufcn_version"":""0.2.0rc4"",""evidence"":""doc_ufcn_generic_page_polygon"",""inference_backend"":""doc-ufcn-pytorch"",""input_size"":768,""model_family"":""Doc-UFCN"",""model_id"":""doc-ufcn-generic-page"",""model_sha256"":""ab9036a138c9792d433edd02ac3c744745c0b06f01fc50e973c2b92d9e0dfd83"",""model_source"":""https://huggingface.co/Teklia/doc-ufcn-generic-page/resolve/main/model.pth?download=true"",""padding_arbitration"":{""baseline_padding_fraction"":0.05,""decision"":""requested-padding"",""requested_padding_fraction"":0.08},""page_envelope"":{""decision"":""image-supported-single-leaf-spread-completion"",""joined_component_count"":0,""qualifying_component_count"":12,""selected_component_area"":1023477.5,""selected_confidence"":0.99,""single_leaf_spread_completion"":{""attempted"":true,""boundary_background"":23.0,""boundary_contrast_ratio"":1.8696,""boundary_mad"":6.5,""boundary_score"":43.0,""boundary_selection"":""outer-background-transition"",""boundary_threshold"":42.5,""boundary_x"":1217.0,""completed_area"":1023477.5,""completed_bounds"":[118.0,20.0,1217.0,962.0],""decision"":""image-supported-single-leaf-spread-completion"",""leaf_height_fraction"":0.9544072948328267,""leaf_width_fraction"":0.4787234042553192,""missing_side"":""right"",""outer_background_boundary"":{""accepted"":true,""background"":0.0,""background_mad"":0.0,""boundary_x"":1217.0,""candidate_count"":7,""contrast"":11.5,""inside_level"":11.5,""outside_level"":0.0,""reason"":""sustained-outer-background-transition""},""outer_boundary"":true,""physical_margin_fractions"":{""bottom"":0.0253,""left"":0.0897,""right"":0.4316,""top"":0.0203},""robust_boundary_candidates"":5,""span_gain"":1.7444}},""parameters"":{""minimum_component_area_fraction"":0.0,""minimum_confidence"":0.0,""minimum_page_area_fraction"":0.08,""page_padding_fraction"":0.08},""raw_polygon_count"":12,""selected_area_fraction"":0.7879619706642277,""selected_confidence"":0.99,""upstream_license"":""BSD-3-Clause"",""upstream_repository"":""https://github.com/johnlockejrr/doc-ufcn""},""foundation"":null,""method"":""doc_ufcn_page_mask"",""origin"":"""",""repository"":"""",""score"":0.9924999999999999,""status"":""ok"",""version"":""""},""edge_error_maximum_px"":72,""edge_error_mean_px"":31.75,""edge_errors"":{""bottom"":10,""left"":37,""maximum"":72,""mean"":31.75,""right"":72,""top"":8},""elapsed_ms"":179.029,""global_ordinal"":5,""iou"":0.89783181,""label"":""damaged_partial_register_spread"",""layout_type"":""two_page_spread"",""predicted_bbox"":[30,0,1305,987],""status"":""ok""}"
run-20260902-211535,167f4af12341,167f4af123416a83f6eb2707eeab66024243fb5f102d2c6a5860210abeec6893,1,167f4af12341,e3756e7556cec8a406f46274510c5e279da0338c659d96c5a387a62331e2f6bd,1,85fa16f9a9085f2d9f1abcf26ea66ce563a0fe1e6fa70cbb849de75d9be25105,7,,10,8,1,1,[],{},10,3.4943102910000334,1.0,6,title_or_index_sheet,single_page,ok,0.93274826,15,28,14,13,17.5,28,23.305,"[15, 28, 1074, 970]","[0, 0, 1088, 983]","{""minimum_component_area_fraction"":0.0,""minimum_confidence"":0.0,""minimum_page_area_fraction"":0.08,""page_padding_fraction"":0.08}",,,"{""legacy_parameter_set_id"":""167f4af12341"",""parameter_grid_ordinal"":7,""parameter_grid_sha256"":""85fa16f9a9085f2d9f1abcf26ea66ce563a0fe1e6fa70cbb849de75d9be25105"",""parameter_identity_schema_version"":""1"",""parameter_identity_sha256"":""e3756e7556cec8a406f46274510c5e279da0338c659d96c5a387a62331e2f6bd"",""parameter_schema_version"":""1"",""parameter_set_equivalence_family_id"":""167f4af12341"",""parameter_set_equivalence_family_sha256"":""167f4af123416a83f6eb2707eeab66024243fb5f102d2c6a5860210abeec6893"",""parameter_set_equivalence_family_size"":1,""parameter_set_id"":""167f4af12341"",""parameters"":{""minimum_component_area_fraction"":0.0,""minimum_confidence"":0.0,""minimum_page_area_fraction"":0.08,""page_padding_fraction"":0.08},""profile"":null,""rank"":10,""reference_roles"":[],""requested_search_member"":true,""run_id"":""run-20260902-211535"",""search_observation"":{""completion_index"":10,""elapsed_seconds"":3.4943102910000334,""parameter_set_number"":10,""search_fraction"":1.0},""search_rank"":8,""search_space_member"":true,""summary"":{""elapsed_ms_total"":316.61,""failure_count"":0,""mean_edge_error_px"":45.6,""mean_iou"":0.84792365,""mean_iou_success"":0.84792365,""minimum_iou"":0.78876713,""page_count"":5,""stddev_iou"":0.05712498,""success_count"":5,""wall_ms"":323.291}}","{""approved_bbox"":[15,28,1074,970],""candidate"":{""authors"":null,""bbox"":[0,0,1088,983],""confidence"":0.9775,""corners"":[[1087.0,982.0],[0.0,982.0],[0.0,0.0],[1087.0,0.0]],""detector_name"":"""",""diagnostics"":{""doc_ufcn_version"":""0.2.0rc4"",""evidence"":""doc_ufcn_generic_page_polygon"",""inference_backend"":""doc-ufcn-pytorch"",""input_size"":768,""model_family"":""Doc-UFCN"",""model_id"":""doc-ufcn-generic-page"",""model_sha256"":""ab9036a138c9792d433edd02ac3c744745c0b06f01fc50e973c2b92d9e0dfd83"",""model_source"":""https://huggingface.co/Teklia/doc-ufcn-generic-page/resolve/main/model.pth?download=true"",""padding_arbitration"":{""baseline_padding_fraction"":0.05,""decision"":""requested-padding"",""requested_padding_fraction"":0.08},""page_envelope"":{""decision"":""single-component"",""joined_component_count"":0,""qualifying_component_count"":1,""selected_component_area"":975839.5,""selected_confidence"":0.97,""single_leaf_spread_completion"":{""attempted"":false,""decision"":""already-broad"",""leaf_height_fraction"":0.9521871820956256,""leaf_width_fraction"":0.9696691176470589,""physical_margin_fractions"":{""bottom"":0.0183,""left"":0.0138,""right"":0.0165,""top"":0.0295}}},""parameters"":{""minimum_component_area_fraction"":0.0,""minimum_confidence"":0.0,""minimum_page_area_fraction"":0.08,""page_padding_fraction"":0.08},""raw_polygon_count"":1,""selected_area_fraction"":0.9124224874334271,""selected_confidence"":0.97,""upstream_license"":""BSD-3-Clause"",""upstream_repository"":""https://github.com/johnlockejrr/doc-ufcn""},""foundation"":null,""method"":""doc_ufcn_page_mask"",""origin"":"""",""repository"":"""",""score"":0.9775,""status"":""ok"",""version"":""""},""edge_error_maximum_px"":28,""edge_error_mean_px"":17.5,""edge_errors"":{""bottom"":13,""left"":15,""maximum"":28,""mean"":17.5,""right"":14,""top"":28},""elapsed_ms"":23.305,""global_ordinal"":6,""iou"":0.93274826,""label"":""title_or_index_sheet"",""layout_type"":""single_page"",""predicted_bbox"":[0,0,1088,983],""status"":""ok""}"
run-20260902-211535,167f4af12341,167f4af123416a83f6eb2707eeab66024243fb5f102d2c6a5860210abeec6893,1,167f4af12341,e3756e7556cec8a406f46274510c5e279da0338c659d96c5a387a62331e2f6bd,1,85fa16f9a9085f2d9f1abcf26ea66ce563a0fe1e6fa70cbb849de75d9be25105,7,,10,8,1,1,[],{},10,3.4943102910000334,1.0,9,clean_two_page_spread,two_page_spread,ok,0.78876713,75,51,73,44,60.75,75,32.99,"[84, 51, 1101, 941]","[9, 0, 1174, 985]","{""minimum_component_area_fraction"":0.0,""minimum_confidence"":0.0,""minimum_page_area_fraction"":0.08,""page_padding_fraction"":0.08}",,,"{""legacy_parameter_set_id"":""167f4af12341"",""parameter_grid_ordinal"":7,""parameter_grid_sha256"":""85fa16f9a9085f2d9f1abcf26ea66ce563a0fe1e6fa70cbb849de75d9be25105"",""parameter_identity_schema_version"":""1"",""parameter_identity_sha256"":""e3756e7556cec8a406f46274510c5e279da0338c659d96c5a387a62331e2f6bd"",""parameter_schema_version"":""1"",""parameter_set_equivalence_family_id"":""167f4af12341"",""parameter_set_equivalence_family_sha256"":""167f4af123416a83f6eb2707eeab66024243fb5f102d2c6a5860210abeec6893"",""parameter_set_equivalence_family_size"":1,""parameter_set_id"":""167f4af12341"",""parameters"":{""minimum_component_area_fraction"":0.0,""minimum_confidence"":0.0,""minimum_page_area_fraction"":0.08,""page_padding_fraction"":0.08},""profile"":null,""rank"":10,""reference_roles"":[],""requested_search_member"":true,""run_id"":""run-20260902-211535"",""search_observation"":{""completion_index"":10,""elapsed_seconds"":3.4943102910000334,""parameter_set_number"":10,""search_fraction"":1.0},""search_rank"":8,""search_space_member"":true,""summary"":{""elapsed_ms_total"":316.61,""failure_count"":0,""mean_edge_error_px"":45.6,""mean_iou"":0.84792365,""mean_iou_success"":0.84792365,""minimum_iou"":0.78876713,""page_count"":5,""stddev_iou"":0.05712498,""success_count"":5,""wall_ms"":323.291}}","{""approved_bbox"":[84,51,1101,941],""candidate"":{""authors"":null,""bbox"":[9,0,1174,985],""confidence"":0.9924999999999999,""corners"":[[1173.2398681640625,984.0],[9.760009765625,984.0],[9.760009765625,0.0],[1173.2398681640625,0.0]],""detector_name"":"""",""diagnostics"":{""doc_ufcn_version"":""0.2.0rc4"",""evidence"":""doc_ufcn_generic_page_polygon"",""inference_backend"":""doc-ufcn-pytorch"",""input_size"":768,""model_family"":""Doc-UFCN"",""model_id"":""doc-ufcn-generic-page"",""model_sha256"":""ab9036a138c9792d433edd02ac3c744745c0b06f01fc50e973c2b92d9e0dfd83"",""model_source"":""https://huggingface.co/Teklia/doc-ufcn-generic-page/resolve/main/model.pth?download=true"",""padding_arbitration"":{""baseline_padding_fraction"":0.05,""decision"":""requested-padding"",""requested_padding_fraction"":0.08},""page_envelope"":{""decision"":""multi-component-spread-envelope"",""joined_component_count"":2,""joined_components"":[{""area_fraction_of_primary"":0.994091415699617,""height_ratio"":0.9965714285714286,""horizontal_center_separation_fraction"":0.3920807453416149,""span_gain"":2.003992015968064,""vertical_overlap"":1.0}],""qualifying_component_count"":2,""selected_component_area"":869386.0,""selected_confidence"":0.99},""parameters"":{""minimum_component_area_fraction"":0.0,""minimum_confidence"":0.0,""minimum_page_area_fraction"":0.08,""page_padding_fraction"":0.08},""raw_polygon_count"":2,""selected_area_fraction"":0.6852681527256677,""selected_confidence"":0.99,""upstream_license"":""BSD-3-Clause"",""upstream_repository"":""https://github.com/johnlockejrr/doc-ufcn""},""foundation"":null,""method"":""doc_ufcn_page_mask"",""origin"":"""",""repository"":"""",""score"":0.9924999999999999,""status"":""ok"",""version"":""""},""edge_error_maximum_px"":75,""edge_error_mean_px"":60.75,""edge_errors"":{""bottom"":44,""left"":75,""maximum"":75,""mean"":60.75,""right"":73,""top"":51},""elapsed_ms"":32.99,""global_ordinal"":9,""iou"":0.78876713,""label"":""clean_two_page_spread"",""layout_type"":""two_page_spread"",""predicted_bbox"":[9,0,1174,985],""status"":""ok""}"
run-20260902-211535,167f4af12341,167f4af123416a83f6eb2707eeab66024243fb5f102d2c6a5860210abeec6893,1,167f4af12341,e3756e7556cec8a406f46274510c5e279da0338c659d96c5a387a62331e2f6bd,1,85fa16f9a9085f2d9f1abcf26ea66ce563a0fe1e6fa70cbb849de75d9be25105,7,,10,8,1,1,[],{},10,3.4943102910000334,1.0,10,clean_two_page_spread_2,two_page_spread,ok,0.82185941,81,33,78,22,53.5,81,33.604,"[88, 33, 1154, 968]","[7, 0, 1232, 990]","{""minimum_component_area_fraction"":0.0,""minimum_confidence"":0.0,""minimum_page_area_fraction"":0.08,""page_padding_fraction"":0.08}",,,"{""legacy_parameter_set_id"":""167f4af12341"",""parameter_grid_ordinal"":7,""parameter_grid_sha256"":""85fa16f9a9085f2d9f1abcf26ea66ce563a0fe1e6fa70cbb849de75d9be25105"",""parameter_identity_schema_version"":""1"",""parameter_identity_sha256"":""e3756e7556cec8a406f46274510c5e279da0338c659d96c5a387a62331e2f6bd"",""parameter_schema_version"":""1"",""parameter_set_equivalence_family_id"":""167f4af12341"",""parameter_set_equivalence_family_sha256"":""167f4af123416a83f6eb2707eeab66024243fb5f102d2c6a5860210abeec6893"",""parameter_set_equivalence_family_size"":1,""parameter_set_id"":""167f4af12341"",""parameters"":{""minimum_component_area_fraction"":0.0,""minimum_confidence"":0.0,""minimum_page_area_fraction"":0.08,""page_padding_fraction"":0.08},""profile"":null,""rank"":10,""reference_roles"":[],""requested_search_member"":true,""run_id"":""run-20260902-211535"",""search_observation"":{""completion_index"":10,""elapsed_seconds"":3.4943102910000334,""parameter_set_number"":10,""search_fraction"":1.0},""search_rank"":8,""search_space_member"":true,""summary"":{""elapsed_ms_total"":316.61,""failure_count"":0,""mean_edge_error_px"":45.6,""mean_iou"":0.84792365,""mean_iou_success"":0.84792365,""minimum_iou"":0.78876713,""page_count"":5,""stddev_iou"":0.05712498,""success_count"":5,""wall_ms"":323.291}}","{""approved_bbox"":[88,33,1154,968],""candidate"":{""authors"":null,""bbox"":[7,0,1232,990],""confidence"":0.9924999999999999,""corners"":[[11.07891845703125,989.0],[7.166015625,0.0],[1227.95263671875,0.0],[1231.8656005859375,989.0]],""detector_name"":"""",""diagnostics"":{""doc_ufcn_version"":""0.2.0rc4"",""evidence"":""doc_ufcn_generic_page_polygon"",""inference_backend"":""doc-ufcn-pytorch"",""input_size"":768,""model_family"":""Doc-UFCN"",""model_id"":""doc-ufcn-generic-page"",""model_sha256"":""ab9036a138c9792d433edd02ac3c744745c0b06f01fc50e973c2b92d9e0dfd83"",""model_source"":""https://huggingface.co/Teklia/doc-ufcn-generic-page/resolve/main/model.pth?download=true"",""padding_arbitration"":{""baseline_padding_fraction"":0.05,""decision"":""requested-padding"",""requested_padding_fraction"":0.08},""page_envelope"":{""decision"":""single-component"",""joined_component_count"":0,""qualifying_component_count"":1,""selected_component_area"":944388.5,""selected_confidence"":0.99,""single_leaf_spread_completion"":{""attempted"":false,""decision"":""already-broad"",""leaf_height_fraction"":0.9272727272727272,""leaf_width_fraction"":0.832807570977918,""physical_margin_fractions"":{""bottom"":0.0333,""left"":0.0726,""right"":0.0946,""top"":0.0394}}},""parameters"":{""minimum_component_area_fraction"":0.0,""minimum_confidence"":0.0,""minimum_page_area_fraction"":0.08,""page_padding_fraction"":0.08},""raw_polygon_count"":1,""selected_area_fraction"":0.7523089730108657,""selected_confidence"":0.99,""upstream_license"":""BSD-3-Clause"",""upstream_repository"":""https://github.com/johnlockejrr/doc-ufcn""},""foundation"":null,""method"":""doc_ufcn_page_mask"",""origin"":"""",""repository"":"""",""score"":0.9924999999999999,""status"":""ok"",""version"":""""},""edge_error_maximum_px"":81,""edge_error_mean_px"":53.5,""edge_errors"":{""bottom"":22,""left"":81,""maximum"":81,""mean"":53.5,""right"":78,""top"":33},""elapsed_ms"":33.604,""global_ordinal"":10,""iou"":0.82185941,""label"":""clean_two_page_spread_2"",""layout_type"":""two_page_spread"",""predicted_bbox"":[7,0,1232,990],""status"":""ok""}"
